-3.750000000000000000e+02
-3.749899899899899651e+02
-3.749799799799799871e+02
-3.749699699699699522e+02
-3.749599599599599742e+02
-3.749499499499499393e+02
-3.749399399399399613e+02
-3.749299299299299264e+02
-3.749199199199198915e+02
-3.749099099099099135e+02
-3.748998998998998786e+02
-3.748898898898899006e+02
-3.748798798798798657e+02
-3.748698698698698877e+02
-3.748598598598598528e+02
-3.748498498498498748e+02
-3.748398398398398399e+02
-3.748298298298298050e+02
-3.748198198198198270e+02
-3.748098098098097921e+02
-3.747997997997998141e+02
-3.747897897897897792e+02
-3.747797797797798012e+02
-3.747697697697697663e+02
-3.747597597597597314e+02
-3.747497497497497534e+02
-3.747397397397397185e+02
-3.747297297297297405e+02
-3.747197197197197056e+02
-3.747097097097097276e+02
-3.746996996996996927e+02
-3.746896896896897147e+02
-3.746796796796796798e+02
-3.746696696696696449e+02
-3.746596596596596669e+02
-3.746496496496496320e+02
-3.746396396396396540e+02
-3.746296296296296191e+02
-3.746196196196196411e+02
-3.746096096096096062e+02
-3.745995995995995713e+02
-3.745895895895895933e+02
-3.745795795795795584e+02
-3.745695695695695804e+02
-3.745595595595595455e+02
-3.745495495495495675e+02
-3.745395395395395326e+02
-3.745295295295295546e+02
-3.745195195195195197e+02
-3.745095095095094848e+02
-3.744994994994995068e+02
-3.744894894894894719e+02
-3.744794794794794939e+02
-3.744694694694694590e+02
-3.744594594594594810e+02
-3.744494494494494461e+02
-3.744394394394394112e+02
-3.744294294294294332e+02
-3.744194194194193983e+02
-3.744094094094094203e+02
-3.743993993993993854e+02
-3.743893893893894074e+02
-3.743793793793793725e+02
-3.743693693693693945e+02
-3.743593593593593596e+02
-3.743493493493493247e+02
-3.743393393393393467e+02
-3.743293293293293118e+02
-3.743193193193193338e+02
-3.743093093093092989e+02
-3.742992992992993209e+02
-3.742892892892892860e+02
-3.742792792792792511e+02
-3.742692692692692731e+02
-3.742592592592592382e+02
-3.742492492492492602e+02
-3.742392392392392253e+02
-3.742292292292292473e+02
-3.742192192192192124e+02
-3.742092092092092344e+02
-3.741991991991991995e+02
-3.741891891891891646e+02
-3.741791791791791866e+02
-3.741691691691691517e+02
-3.741591591591591737e+02
-3.741491491491491388e+02
-3.741391391391391608e+02
-3.741291291291291259e+02
-3.741191191191190910e+02
-3.741091091091091130e+02
-3.740990990990990781e+02
-3.740890890890891001e+02
-3.740790790790790652e+02
-3.740690690690690872e+02
-3.740590590590590523e+02
-3.740490490490490743e+02
-3.740390390390390394e+02
-3.740290290290290045e+02
-3.740190190190190265e+02
-3.740090090090089916e+02
-3.739989989989990136e+02
-3.739889889889889787e+02
-3.739789789789790007e+02
-3.739689689689689658e+02
-3.739589589589589309e+02
-3.739489489489489529e+02
-3.739389389389389180e+02
-3.739289289289289400e+02
-3.739189189189189051e+02
-3.739089089089089271e+02
-3.738988988988988922e+02
-3.738888888888889142e+02
-3.738788788788788793e+02
-3.738688688688688444e+02
-3.738588588588588664e+02
-3.738488488488488315e+02
-3.738388388388388535e+02
-3.738288288288288186e+02
-3.738188188188188406e+02
-3.738088088088088057e+02
-3.737987987987987708e+02
-3.737887887887887928e+02
-3.737787787787787579e+02
-3.737687687687687799e+02
-3.737587587587587450e+02
-3.737487487487487670e+02
-3.737387387387387321e+02
-3.737287287287287540e+02
-3.737187187187187192e+02
-3.737087087087086843e+02
-3.736986986986987063e+02
-3.736886886886886714e+02
-3.736786786786786934e+02
-3.736686686686686585e+02
-3.736586586586586805e+02
-3.736486486486486456e+02
-3.736386386386386107e+02
-3.736286286286286327e+02
-3.736186186186185978e+02
-3.736086086086086198e+02
-3.735985985985985849e+02
-3.735885885885886069e+02
-3.735785785785785720e+02
-3.735685685685685939e+02
-3.735585585585585591e+02
-3.735485485485485242e+02
-3.735385385385385462e+02
-3.735285285285285113e+02
-3.735185185185185333e+02
-3.735085085085084984e+02
-3.734984984984985203e+02
-3.734884884884884855e+02
-3.734784784784784506e+02
-3.734684684684684726e+02
-3.734584584584584377e+02
-3.734484484484484597e+02
-3.734384384384384248e+02
-3.734284284284284468e+02
-3.734184184184184119e+02
-3.734084084084084338e+02
-3.733983983983983990e+02
-3.733883883883883641e+02
-3.733783783783783861e+02
-3.733683683683683512e+02
-3.733583583583583732e+02
-3.733483483483483383e+02
-3.733383383383383602e+02
-3.733283283283283254e+02
-3.733183183183182905e+02
-3.733083083083083125e+02
-3.732982982982982776e+02
-3.732882882882882996e+02
-3.732782782782782647e+02
-3.732682682682682866e+02
-3.732582582582582518e+02
-3.732482482482482737e+02
-3.732382382382382389e+02
-3.732282282282282040e+02
-3.732182182182182260e+02
-3.732082082082081911e+02
-3.731981981981982130e+02
-3.731881881881881782e+02
-3.731781781781782001e+02
-3.731681681681681653e+02
-3.731581581581581304e+02
-3.731481481481481524e+02
-3.731381381381381175e+02
-3.731281281281281395e+02
-3.731181181181181046e+02
-3.731081081081081265e+02
-3.730980980980980917e+02
-3.730880880880881136e+02
-3.730780780780780788e+02
-3.730680680680680439e+02
-3.730580580580580659e+02
-3.730480480480480310e+02
-3.730380380380380529e+02
-3.730280280280280181e+02
-3.730180180180180400e+02
-3.730080080080080052e+02
-3.729979979979979703e+02
-3.729879879879879923e+02
-3.729779779779779574e+02
-3.729679679679679793e+02
-3.729579579579579445e+02
-3.729479479479479664e+02
-3.729379379379379316e+02
-3.729279279279279535e+02
-3.729179179179179187e+02
-3.729079079079078838e+02
-3.728978978978979058e+02
-3.728878878878878709e+02
-3.728778778778778928e+02
-3.728678678678678580e+02
-3.728578578578578799e+02
-3.728478478478478451e+02
-3.728378378378378102e+02
-3.728278278278278322e+02
-3.728178178178177973e+02
-3.728078078078078192e+02
-3.727977977977977844e+02
-3.727877877877878063e+02
-3.727777777777777715e+02
-3.727677677677677934e+02
-3.727577577577577586e+02
-3.727477477477477237e+02
-3.727377377377377456e+02
-3.727277277277277108e+02
-3.727177177177177327e+02
-3.727077077077076979e+02
-3.726976976976977198e+02
-3.726876876876876850e+02
-3.726776776776776501e+02
-3.726676676676676720e+02
-3.726576576576576372e+02
-3.726476476476476591e+02
-3.726376376376376243e+02
-3.726276276276276462e+02
-3.726176176176176114e+02
-3.726076076076076333e+02
-3.725975975975975985e+02
-3.725875875875875636e+02
-3.725775775775775855e+02
-3.725675675675675507e+02
-3.725575575575575726e+02
-3.725475475475475378e+02
-3.725375375375375597e+02
-3.725275275275275249e+02
-3.725175175175174900e+02
-3.725075075075075119e+02
-3.724974974974974771e+02
-3.724874874874874990e+02
-3.724774774774774642e+02
-3.724674674674674861e+02
-3.724574574574574513e+02
-3.724474474474474732e+02
-3.724374374374374383e+02
-3.724274274274274035e+02
-3.724174174174174254e+02
-3.724074074074073906e+02
-3.723973973973974125e+02
-3.723873873873873777e+02
-3.723773773773773996e+02
-3.723673673673673647e+02
-3.723573573573573299e+02
-3.723473473473473518e+02
-3.723373373373373170e+02
-3.723273273273273389e+02
-3.723173173173173041e+02
-3.723073073073073260e+02
-3.722972972972972912e+02
-3.722872872872873131e+02
-3.722772772772772782e+02
-3.722672672672672434e+02
-3.722572572572572653e+02
-3.722472472472472305e+02
-3.722372372372372524e+02
-3.722272272272272176e+02
-3.722172172172172395e+02
-3.722072072072072046e+02
-3.721971971971971698e+02
-3.721871871871871917e+02
-3.721771771771771569e+02
-3.721671671671671788e+02
-3.721571571571571440e+02
-3.721471471471471659e+02
-3.721371371371371310e+02
-3.721271271271271530e+02
-3.721171171171171181e+02
-3.721071071071070833e+02
-3.720970970970971052e+02
-3.720870870870870704e+02
-3.720770770770770923e+02
-3.720670670670670575e+02
-3.720570570570570794e+02
-3.720470470470470445e+02
-3.720370370370370097e+02
-3.720270270270270316e+02
-3.720170170170169968e+02
-3.720070070070070187e+02
-3.719969969969969839e+02
-3.719869869869870058e+02
-3.719769769769769709e+02
-3.719669669669669929e+02
-3.719569569569569580e+02
-3.719469469469469232e+02
-3.719369369369369451e+02
-3.719269269269269103e+02
-3.719169169169169322e+02
-3.719069069069068973e+02
-3.718968968968969193e+02
-3.718868868868868844e+02
-3.718768768768768496e+02
-3.718668668668668715e+02
-3.718568568568568367e+02
-3.718468468468468586e+02
-3.718368368368368237e+02
-3.718268268268268457e+02
-3.718168168168168108e+02
-3.718068068068068328e+02
-3.717967967967967979e+02
-3.717867867867867631e+02
-3.717767767767767850e+02
-3.717667667667667502e+02
-3.717567567567567721e+02
-3.717467467467467372e+02
-3.717367367367367592e+02
-3.717267267267267243e+02
-3.717167167167166895e+02
-3.717067067067067114e+02
-3.716966966966966766e+02
-3.716866866866866985e+02
-3.716766766766766636e+02
-3.716666666666666856e+02
-3.716566566566566507e+02
-3.716466466466466727e+02
-3.716366366366366378e+02
-3.716266266266266030e+02
-3.716166166166166249e+02
-3.716066066066065900e+02
-3.715965965965966120e+02
-3.715865865865865771e+02
-3.715765765765765991e+02
-3.715665665665665642e+02
-3.715565565565565294e+02
-3.715465465465465513e+02
-3.715365365365365165e+02
-3.715265265265265384e+02
-3.715165165165165035e+02
-3.715065065065065255e+02
-3.714964964964964906e+02
-3.714864864864865126e+02
-3.714764764764764777e+02
-3.714664664664664429e+02
-3.714564564564564648e+02
-3.714464464464464299e+02
-3.714364364364364519e+02
-3.714264264264264170e+02
-3.714164164164164390e+02
-3.714064064064064041e+02
-3.713963963963963693e+02
-3.713863863863863912e+02
-3.713763763763763563e+02
-3.713663663663663783e+02
-3.713563563563563434e+02
-3.713463463463463654e+02
-3.713363363363363305e+02
-3.713263263263263525e+02
-3.713163163163163176e+02
-3.713063063063062827e+02
-3.712962962962963047e+02
-3.712862862862862698e+02
-3.712762762762762918e+02
-3.712662662662662569e+02
-3.712562562562562789e+02
-3.712462462462462440e+02
-3.712362362362362092e+02
-3.712262262262262311e+02
-3.712162162162161962e+02
-3.712062062062062182e+02
-3.711961961961961833e+02
-3.711861861861862053e+02
-3.711761761761761704e+02
-3.711661661661661924e+02
-3.711561561561561575e+02
-3.711461461461461226e+02
-3.711361361361361446e+02
-3.711261261261261097e+02
-3.711161161161161317e+02
-3.711061061061060968e+02
-3.710960960960961188e+02
-3.710860860860860839e+02
-3.710760760760760490e+02
-3.710660660660660710e+02
-3.710560560560560361e+02
-3.710460460460460581e+02
-3.710360360360360232e+02
-3.710260260260260452e+02
-3.710160160160160103e+02
-3.710060060060060323e+02
-3.709959959959959974e+02
-3.709859859859859625e+02
-3.709759759759759845e+02
-3.709659659659659496e+02
-3.709559559559559716e+02
-3.709459459459459367e+02
-3.709359359359359587e+02
-3.709259259259259238e+02
-3.709159159159158889e+02
-3.709059059059059109e+02
-3.708958958958958760e+02
-3.708858858858858980e+02
-3.708758758758758631e+02
-3.708658658658658851e+02
-3.708558558558558502e+02
-3.708458458458458722e+02
-3.708358358358358373e+02
-3.708258258258258024e+02
-3.708158158158158244e+02
-3.708058058058057895e+02
-3.707957957957958115e+02
-3.707857857857857766e+02
-3.707757757757757986e+02
-3.707657657657657637e+02
-3.707557557557557288e+02
-3.707457457457457508e+02
-3.707357357357357159e+02
-3.707257257257257379e+02
-3.707157157157157030e+02
-3.707057057057057250e+02
-3.706956956956956901e+02
-3.706856856856857121e+02
-3.706756756756756772e+02
-3.706656656656656423e+02
-3.706556556556556643e+02
-3.706456456456456294e+02
-3.706356356356356514e+02
-3.706256256256256165e+02
-3.706156156156156385e+02
-3.706056056056056036e+02
-3.705955955955955687e+02
-3.705855855855855907e+02
-3.705755755755755558e+02
-3.705655655655655778e+02
-3.705555555555555429e+02
-3.705455455455455649e+02
-3.705355355355355300e+02
-3.705255255255255520e+02
-3.705155155155155171e+02
-3.705055055055054822e+02
-3.704954954954955042e+02
-3.704854854854854693e+02
-3.704754754754754913e+02
-3.704654654654654564e+02
-3.704554554554554784e+02
-3.704454454454454435e+02
-3.704354354354354086e+02
-3.704254254254254306e+02
-3.704154154154153957e+02
-3.704054054054054177e+02
-3.703953953953953828e+02
-3.703853853853854048e+02
-3.703753753753753699e+02
-3.703653653653653919e+02
-3.703553553553553570e+02
-3.703453453453453221e+02
-3.703353353353353441e+02
-3.703253253253253092e+02
-3.703153153153153312e+02
-3.703053053053052963e+02
-3.702952952952953183e+02
-3.702852852852852834e+02
-3.702752752752752485e+02
-3.702652652652652705e+02
-3.702552552552552356e+02
-3.702452452452452576e+02
-3.702352352352352227e+02
-3.702252252252252447e+02
-3.702152152152152098e+02
-3.702052052052052318e+02
-3.701951951951951969e+02
-3.701851851851851620e+02
-3.701751751751751840e+02
-3.701651651651651491e+02
-3.701551551551551711e+02
-3.701451451451451362e+02
-3.701351351351351582e+02
-3.701251251251251233e+02
-3.701151151151150884e+02
-3.701051051051051104e+02
-3.700950950950950755e+02
-3.700850850850850975e+02
-3.700750750750750626e+02
-3.700650650650650846e+02
-3.700550550550550497e+02
-3.700450450450450717e+02
-3.700350350350350368e+02
-3.700250250250250019e+02
-3.700150150150150239e+02
-3.700050050050049890e+02
-3.699949949949950110e+02
-3.699849849849849761e+02
-3.699749749749749981e+02
-3.699649649649649632e+02
-3.699549549549549283e+02
-3.699449449449449503e+02
-3.699349349349349154e+02
-3.699249249249249374e+02
-3.699149149149149025e+02
-3.699049049049049245e+02
-3.698948948948948896e+02
-3.698848848848849116e+02
-3.698748748748748767e+02
-3.698648648648648418e+02
-3.698548548548548638e+02
-3.698448448448448289e+02
-3.698348348348348509e+02
-3.698248248248248160e+02
-3.698148148148148380e+02
-3.698048048048048031e+02
-3.697947947947947682e+02
-3.697847847847847902e+02
-3.697747747747747553e+02
-3.697647647647647773e+02
-3.697547547547547424e+02
-3.697447447447447644e+02
-3.697347347347347295e+02
-3.697247247247247515e+02
-3.697147147147147166e+02
-3.697047047047046817e+02
-3.696946946946947037e+02
-3.696846846846846688e+02
-3.696746746746746908e+02
-3.696646646646646559e+02
-3.696546546546546779e+02
-3.696446446446446430e+02
-3.696346346346346081e+02
-3.696246246246246301e+02
-3.696146146146145952e+02
-3.696046046046046172e+02
-3.695945945945945823e+02
-3.695845845845846043e+02
-3.695745745745745694e+02
-3.695645645645645914e+02
-3.695545545545545565e+02
-3.695445445445445216e+02
-3.695345345345345436e+02
-3.695245245245245087e+02
-3.695145145145145307e+02
-3.695045045045044958e+02
-3.694944944944945178e+02
-3.694844844844844829e+02
-3.694744744744744480e+02
-3.694644644644644700e+02
-3.694544544544544351e+02
-3.694444444444444571e+02
-3.694344344344344222e+02
-3.694244244244244442e+02
-3.694144144144144093e+02
-3.694044044044044313e+02
-3.693943943943943964e+02
-3.693843843843843615e+02
-3.693743743743743835e+02
-3.693643643643643486e+02
-3.693543543543543706e+02
-3.693443443443443357e+02
-3.693343343343343577e+02
-3.693243243243243228e+02
-3.693143143143142879e+02
-3.693043043043043099e+02
-3.692942942942942750e+02
-3.692842842842842970e+02
-3.692742742742742621e+02
-3.692642642642642841e+02
-3.692542542542542492e+02
-3.692442442442442712e+02
-3.692342342342342363e+02
-3.692242242242242014e+02
-3.692142142142142234e+02
-3.692042042042041885e+02
-3.691941941941942105e+02
-3.691841841841841756e+02
-3.691741741741741976e+02
-3.691641641641641627e+02
-3.691541541541541278e+02
-3.691441441441441498e+02
-3.691341341341341149e+02
-3.691241241241241369e+02
-3.691141141141141020e+02
-3.691041041041041240e+02
-3.690940940940940891e+02
-3.690840840840841111e+02
-3.690740740740740762e+02
-3.690640640640640413e+02
-3.690540540540540633e+02
-3.690440440440440284e+02
-3.690340340340340504e+02
-3.690240240240240155e+02
-3.690140140140140375e+02
-3.690040040040040026e+02
-3.689939939939939677e+02
-3.689839839839839897e+02
-3.689739739739739548e+02
-3.689639639639639768e+02
-3.689539539539539419e+02
-3.689439439439439639e+02
-3.689339339339339290e+02
-3.689239239239239510e+02
-3.689139139139139161e+02
-3.689039039039038812e+02
-3.688938938938939032e+02
-3.688838838838838683e+02
-3.688738738738738903e+02
-3.688638638638638554e+02
-3.688538538538538774e+02
-3.688438438438438425e+02
-3.688338338338338076e+02
-3.688238238238238296e+02
-3.688138138138137947e+02
-3.688038038038038167e+02
-3.687937937937937818e+02
-3.687837837837838038e+02
-3.687737737737737689e+02
-3.687637637637637908e+02
-3.687537537537537560e+02
-3.687437437437437211e+02
-3.687337337337337431e+02
-3.687237237237237082e+02
-3.687137137137137302e+02
-3.687037037037036953e+02
-3.686936936936937173e+02
-3.686836836836836824e+02
-3.686736736736736475e+02
-3.686636636636636695e+02
-3.686536536536536346e+02
-3.686436436436436566e+02
-3.686336336336336217e+02
-3.686236236236236437e+02
-3.686136136136136088e+02
-3.686036036036036307e+02
-3.685935935935935959e+02
-3.685835835835835610e+02
-3.685735735735735830e+02
-3.685635635635635481e+02
-3.685535535535535701e+02
-3.685435435435435352e+02
-3.685335335335335571e+02
-3.685235235235235223e+02
-3.685135135135134874e+02
-3.685035035035035094e+02
-3.684934934934934745e+02
-3.684834834834834965e+02
-3.684734734734734616e+02
-3.684634634634634835e+02
-3.684534534534534487e+02
-3.684434434434434706e+02
-3.684334334334334358e+02
-3.684234234234234009e+02
-3.684134134134134229e+02
-3.684034034034033880e+02
-3.683933933933934100e+02
-3.683833833833833751e+02
-3.683733733733733970e+02
-3.683633633633633622e+02
-3.683533533533533273e+02
-3.683433433433433493e+02
-3.683333333333333144e+02
-3.683233233233233364e+02
-3.683133133133133015e+02
-3.683033033033033234e+02
-3.682932932932932886e+02
-3.682832832832833105e+02
-3.682732732732732757e+02
-3.682632632632632408e+02
-3.682532532532532628e+02
-3.682432432432432279e+02
-3.682332332332332498e+02
-3.682232232232232150e+02
-3.682132132132132369e+02
-3.682032032032032021e+02
-3.681931931931931672e+02
-3.681831831831831892e+02
-3.681731731731731543e+02
-3.681631631631631763e+02
-3.681531531531531414e+02
-3.681431431431431633e+02
-3.681331331331331285e+02
-3.681231231231231504e+02
-3.681131131131131156e+02
-3.681031031031030807e+02
-3.680930930930931027e+02
-3.680830830830830678e+02
-3.680730730730730897e+02
-3.680630630630630549e+02
-3.680530530530530768e+02
-3.680430430430430420e+02
-3.680330330330330071e+02
-3.680230230230230291e+02
-3.680130130130129942e+02
-3.680030030030030161e+02
-3.679929929929929813e+02
-3.679829829829830032e+02
-3.679729729729729684e+02
-3.679629629629629903e+02
-3.679529529529529555e+02
-3.679429429429429206e+02
-3.679329329329329425e+02
-3.679229229229229077e+02
-3.679129129129129296e+02
-3.679029029029028948e+02
-3.678928928928929167e+02
-3.678828828828828819e+02
-3.678728728728728470e+02
-3.678628628628628690e+02
-3.678528528528528341e+02
-3.678428428428428560e+02
-3.678328328328328212e+02
-3.678228228228228431e+02
-3.678128128128128083e+02
-3.678028028028028302e+02
-3.677927927927927954e+02
-3.677827827827827605e+02
-3.677727727727727824e+02
-3.677627627627627476e+02
-3.677527527527527695e+02
-3.677427427427427347e+02
-3.677327327327327566e+02
-3.677227227227227218e+02
-3.677127127127126869e+02
-3.677027027027027088e+02
-3.676926926926926740e+02
-3.676826826826826959e+02
-3.676726726726726611e+02
-3.676626626626626830e+02
-3.676526526526526482e+02
-3.676426426426426701e+02
-3.676326326326326353e+02
-3.676226226226226004e+02
-3.676126126126126223e+02
-3.676026026026025875e+02
-3.675925925925926094e+02
-3.675825825825825746e+02
-3.675725725725725965e+02
-3.675625625625625617e+02
-3.675525525525525268e+02
-3.675425425425425487e+02
-3.675325325325325139e+02
-3.675225225225225358e+02
-3.675125125125125010e+02
-3.675025025025025229e+02
-3.674924924924924881e+02
-3.674824824824825100e+02
-3.674724724724724751e+02
-3.674624624624624403e+02
-3.674524524524524622e+02
-3.674424424424424274e+02
-3.674324324324324493e+02
-3.674224224224224145e+02
-3.674124124124124364e+02
-3.674024024024024015e+02
-3.673923923923923667e+02
-3.673823823823823886e+02
-3.673723723723723538e+02
-3.673623623623623757e+02
-3.673523523523523409e+02
-3.673423423423423628e+02
-3.673323323323323280e+02
-3.673223223223223499e+02
-3.673123123123123150e+02
-3.673023023023022802e+02
-3.672922922922923021e+02
-3.672822822822822673e+02
-3.672722722722722892e+02
-3.672622622622622544e+02
-3.672522522522522763e+02
-3.672422422422422414e+02
-3.672322322322322066e+02
-3.672222222222222285e+02
-3.672122122122121937e+02
-3.672022022022022156e+02
-3.671921921921921808e+02
-3.671821821821822027e+02
-3.671721721721721678e+02
-3.671621621621621898e+02
-3.671521521521521549e+02
-3.671421421421421201e+02
-3.671321321321321420e+02
-3.671221221221221072e+02
-3.671121121121121291e+02
-3.671021021021020942e+02
-3.670920920920921162e+02
-3.670820820820820813e+02
-3.670720720720720465e+02
-3.670620620620620684e+02
-3.670520520520520336e+02
-3.670420420420420555e+02
-3.670320320320320207e+02
-3.670220220220220426e+02
-3.670120120120120077e+02
-3.670020020020020297e+02
-3.669919919919919948e+02
-3.669819819819819600e+02
-3.669719719719719819e+02
-3.669619619619619471e+02
-3.669519519519519690e+02
-3.669419419419419341e+02
-3.669319319319319561e+02
-3.669219219219219212e+02
-3.669119119119118864e+02
-3.669019019019019083e+02
-3.668918918918918735e+02
-3.668818818818818954e+02
-3.668718718718718605e+02
-3.668618618618618825e+02
-3.668518518518518476e+02
-3.668418418418418696e+02
-3.668318318318318347e+02
-3.668218218218217999e+02
-3.668118118118118218e+02
-3.668018018018017870e+02
-3.667917917917918089e+02
-3.667817817817817740e+02
-3.667717717717717960e+02
-3.667617617617617611e+02
-3.667517517517517263e+02
-3.667417417417417482e+02
-3.667317317317317134e+02
-3.667217217217217353e+02
-3.667117117117117004e+02
-3.667017017017017224e+02
-3.666916916916916875e+02
-3.666816816816816527e+02
-3.666716716716716746e+02
-3.666616616616616398e+02
-3.666516516516516617e+02
-3.666416416416416268e+02
-3.666316316316316488e+02
-3.666216216216216139e+02
-3.666116116116116359e+02
-3.666016016016016010e+02
-3.665915915915915662e+02
-3.665815815815815881e+02
-3.665715715715715532e+02
-3.665615615615615752e+02
-3.665515515515515403e+02
-3.665415415415415623e+02
-3.665315315315315274e+02
-3.665215215215215494e+02
-3.665115115115115145e+02
-3.665015015015014797e+02
-3.664914914914915016e+02
-3.664814814814814667e+02
-3.664714714714714887e+02
-3.664614614614614538e+02
-3.664514514514514758e+02
-3.664414414414414409e+02
-3.664314314314314061e+02
-3.664214214214214280e+02
-3.664114114114113931e+02
-3.664014014014014151e+02
-3.663913913913913802e+02
-3.663813813813814022e+02
-3.663713713713713673e+02
-3.663613613613613325e+02
-3.663513513513513544e+02
-3.663413413413413195e+02
-3.663313313313313415e+02
-3.663213213213213066e+02
-3.663113113113113286e+02
-3.663013013013012937e+02
-3.662912912912913157e+02
-3.662812812812812808e+02
-3.662712712712712460e+02
-3.662612612612612679e+02
-3.662512512512512330e+02
-3.662412412412412550e+02
-3.662312312312312201e+02
-3.662212212212212421e+02
-3.662112112112112072e+02
-3.662012012012012292e+02
-3.661911911911911943e+02
-3.661811811811811594e+02
-3.661711711711711814e+02
-3.661611611611611465e+02
-3.661511511511511685e+02
-3.661411411411411336e+02
-3.661311311311311556e+02
-3.661211211211211207e+02
-3.661111111111110858e+02
-3.661011011011011078e+02
-3.660910910910910729e+02
-3.660810810810810949e+02
-3.660710710710710600e+02
-3.660610610610610820e+02
-3.660510510510510471e+02
-3.660410410410410122e+02
-3.660310310310310342e+02
-3.660210210210209993e+02
-3.660110110110110213e+02
-3.660010010010009864e+02
-3.659909909909910084e+02
-3.659809809809809735e+02
-3.659709709709709955e+02
-3.659609609609609606e+02
-3.659509509509509257e+02
-3.659409409409409477e+02
-3.659309309309309128e+02
-3.659209209209209348e+02
-3.659109109109108999e+02
-3.659009009009009219e+02
-3.658908908908908870e+02
-3.658808808808809090e+02
-3.658708708708708741e+02
-3.658608608608608392e+02
-3.658508508508508612e+02
-3.658408408408408263e+02
-3.658308308308308483e+02
-3.658208208208208134e+02
-3.658108108108108354e+02
-3.658008008008008005e+02
-3.657907907907907656e+02
-3.657807807807807876e+02
-3.657707707707707527e+02
-3.657607607607607747e+02
-3.657507507507507398e+02
-3.657407407407407618e+02
-3.657307307307307269e+02
-3.657207207207206920e+02
-3.657107107107107140e+02
-3.657007007007006791e+02
-3.656906906906907011e+02
-3.656806806806806662e+02
-3.656706706706706882e+02
-3.656606606606606533e+02
-3.656506506506506753e+02
-3.656406406406406404e+02
-3.656306306306306055e+02
-3.656206206206206275e+02
-3.656106106106105926e+02
-3.656006006006006146e+02
-3.655905905905905797e+02
-3.655805805805806017e+02
-3.655705705705705668e+02
-3.655605605605605888e+02
-3.655505505505505539e+02
-3.655405405405405190e+02
-3.655305305305305410e+02
-3.655205205205205061e+02
-3.655105105105105281e+02
-3.655005005005004932e+02
-3.654904904904905152e+02
-3.654804804804804803e+02
-3.654704704704704454e+02
-3.654604604604604674e+02
-3.654504504504504325e+02
-3.654404404404404545e+02
-3.654304304304304196e+02
-3.654204204204204416e+02
-3.654104104104104067e+02
-3.654004004004003718e+02
-3.653903903903903938e+02
-3.653803803803803589e+02
-3.653703703703703809e+02
-3.653603603603603460e+02
-3.653503503503503680e+02
-3.653403403403403331e+02
-3.653303303303303551e+02
-3.653203203203203202e+02
-3.653103103103102853e+02
-3.653003003003003073e+02
-3.652902902902902724e+02
-3.652802802802802944e+02
-3.652702702702702595e+02
-3.652602602602602815e+02
-3.652502502502502466e+02
-3.652402402402402686e+02
-3.652302302302302337e+02
-3.652202202202201988e+02
-3.652102102102102208e+02
-3.652002002002001859e+02
-3.651901901901902079e+02
-3.651801801801801730e+02
-3.651701701701701950e+02
-3.651601601601601601e+02
-3.651501501501501252e+02
-3.651401401401401472e+02
-3.651301301301301123e+02
-3.651201201201201343e+02
-3.651101101101100994e+02
-3.651001001001001214e+02
-3.650900900900900865e+02
-3.650800800800800516e+02
-3.650700700700700736e+02
-3.650600600600600387e+02
-3.650500500500500607e+02
-3.650400400400400258e+02
-3.650300300300300478e+02
-3.650200200200200129e+02
-3.650100100100100349e+02
-3.650000000000000000e+02
