X_pc,Y_pc,vr,d_vr,FeH,d_FeH,flag
  274.248, -217.606, 999.000, 999.000, -1.57,  0.29,1
  197.134, -250.998, 999.000, 999.000, -1.05,  0.24,1
   85.290, -224.368, 124.163,   4.430, -1.37,  0.20,1
  364.520, -312.326, 999.000, 999.000, -1.83,  0.23,1
  152.362, -281.314, 163.634,   4.110, -1.26,  0.24,1
  305.812, -142.563, 999.000, 999.000, -1.95,  0.22,1
  125.678, -187.577, 999.000, 999.000, -2.33,  0.23,1
  393.271, -294.725, 999.000, 999.000, -1.57,  0.25,1
  265.133, -187.148, 999.000, 999.000, -1.67,  0.24,1
  319.767, -200.719, 159.235,   4.880, -1.56,  0.20,1
  114.745, -111.897, 152.196,   2.970, -1.45,  0.26,1
  105.098, -212.524, 999.000, 999.000, -1.70,  0.22,1
  270.280, -168.287, 999.000, 999.000, -1.49,  0.27,1
  234.547, -214.719, 999.000, 999.000, -1.90,  0.28,1
  162.860, -166.326, 999.000, 999.000, -2.03,  0.24,1
  181.428, -174.916, 999.000, 999.000, -1.90,  0.27,1
  345.407, -346.164, 999.000, 999.000, -1.52,  0.28,1
  156.802, -161.518, 999.000, 999.000, -0.89,  0.30,1
  340.297,  -69.121, 999.000, 999.000, -1.49,  0.22,1
  234.942, -163.731, 999.000, 999.000, -1.36,  0.25,1
  290.926, -178.070, 999.000, 999.000, -2.22,  0.26,1
  252.554, -275.864, 145.081,   5.190, -1.81,  0.22,1
  183.931, -237.679, 999.000, 999.000, -1.67,  0.29,1
  265.613, -236.015, 999.000, 999.000, -1.45,  0.26,1
  225.985, -126.645, 999.000, 999.000, -1.81,  0.21,1
  307.607, -197.471, 999.000, 999.000, -1.86,  0.29,1
  216.831,  -97.254, 999.000, 999.000, -1.86,  0.27,1
  244.572, -224.803, 144.149,   4.200, -1.51,  0.27,1
  307.348, -190.758, 165.196,   4.070, -1.98,  0.21,1
  152.560, -260.143, 999.000, 999.000, -1.01,  0.29,1
   97.212, -245.296, 146.613,   4.540, -2.00,  0.23,1
  -63.951, -189.707, 999.000, 999.000, -1.94,  0.23,1
  189.513, -240.417, 999.000, 999.000, -2.03,  0.30,1
  211.646,  -80.449, 999.000, 999.000, -1.61,  0.24,1
  211.323, -204.869, 165.172,   3.870, -1.63,  0.27,1
   76.447, -347.981, 175.231,   3.830, -1.48,  0.28,1
  164.339, -361.356, 999.000, 999.000, -1.88,  0.30,1
  247.434, -232.882, 999.000, 999.000, -1.73,  0.26,1
   50.616, -262.653, 999.000, 999.000, -1.69,  0.26,1
  276.263, -225.104, 999.000, 999.000, -1.75,  0.26,1
  116.325, -173.446, 999.000, 999.000, -1.69,  0.21,1
  411.176, -169.136, 999.000, 999.000, -1.87,  0.20,1
  258.057, -180.832, 138.864,   4.860, -1.66,  0.22,1
  413.021, -235.079, 154.583,   4.840, -1.69,  0.30,1
  216.666, -214.457, 165.926,   3.220, -1.97,  0.26,1
  145.887, -135.533, 999.000, 999.000, -1.64,  0.23,1
  104.373, -263.321, 999.000, 999.000, -1.94,  0.26,1
  210.325, -159.076, 999.000, 999.000, -1.84,  0.27,1
  233.356, -211.867, 999.000, 999.000, -1.65,  0.28,1
  104.469, -223.904, 999.000, 999.000, -1.57,  0.23,1
  204.304, -223.755, 999.000, 999.000, -2.01,  0.27,1
  215.096, -111.612, 999.000, 999.000, -1.74,  0.23,1
  249.744, -150.290, 156.406,   2.970, -1.59,  0.21,1
  216.811,  -14.254, 999.000, 999.000, -1.83,  0.24,1
  109.391, -176.979, 999.000, 999.000, -2.05,  0.24,1
  151.016, -275.726, 999.000, 999.000, -1.94,  0.25,1
  306.601,    7.983, 161.202,   4.930, -1.27,  0.21,1
  140.088, -260.577, 999.000, 999.000, -1.87,  0.27,1
   42.143, -230.313, 999.000, 999.000, -1.76,  0.24,1
  245.076, -203.119, 138.782,   6.800, -1.70,  0.25,1
  293.118, -310.706, 145.474,   4.750, -1.30,  0.25,1
  -30.005, -187.566, 160.225,   6.140, -1.58,  0.22,1
  176.454, -268.673, 999.000, 999.000, -1.26,  0.27,1
  227.560, -325.395, 999.000, 999.000, -1.24,  0.23,1
  266.127, -238.425, 999.000, 999.000, -1.90,  0.21,1
  156.693, -230.964, 999.000, 999.000, -2.51,  0.28,1
   98.333, -169.927, 999.000, 999.000, -2.21,  0.24,1
  219.486, -248.982, 999.000, 999.000, -2.03,  0.24,1
  256.527, -299.542, 999.000, 999.000, -1.17,  0.24,1
  167.643, -118.349, 152.794,   4.130, -1.92,  0.23,1
  227.701, -283.437, 999.000, 999.000, -1.97,  0.23,1
   70.601, -144.278, 137.637,   4.050, -2.40,  0.24,1
  298.109, -142.369, 999.000, 999.000, -1.52,  0.21,1
  189.267, -110.287, 999.000, 999.000, -1.53,  0.29,1
  326.105, -219.939, 999.000, 999.000, -1.77,  0.26,1
  140.925,  -78.754, 999.000, 999.000, -1.72,  0.28,1
  324.742,  -85.004, 999.000, 999.000, -1.91,  0.27,1
  157.676, -209.520, 999.000, 999.000, -2.21,  0.30,1
  220.324, -207.132, 999.000, 999.000, -1.18,  0.24,1
   83.066, -184.281, 999.000, 999.000, -1.88,  0.27,1
  251.242, -163.584, 999.000, 999.000, -1.69,  0.27,1
  229.670, -204.520, 999.000, 999.000, -1.04,  0.24,1
  130.165, -202.273, 999.000, 999.000, -1.17,  0.20,1
  385.458,  -71.607, 158.560,   6.030, -1.40,  0.26,1
  115.862, -202.847, 999.000, 999.000, -1.42,  0.25,1
   -7.788, -236.577, 144.334,   5.260, -1.88,  0.26,1
  184.002, -308.873, 156.635,   5.280, -1.93,  0.21,1
  249.218, -226.163, 999.000, 999.000, -1.92,  0.23,1
  248.933, -261.128, 999.000, 999.000, -1.54,  0.21,1
  185.832,  -64.862, 142.822,   3.190, -1.76,  0.24,1
  118.845, -356.569, 999.000, 999.000, -1.53,  0.21,1
  289.519, -249.889, 158.601,   5.230, -1.69,  0.27,1
  274.215, -197.092, 999.000, 999.000, -1.78,  0.28,1
  203.282, -230.688, 999.000, 999.000, -1.45,  0.29,1
  148.049, -174.114, 999.000, 999.000, -1.73,  0.24,1
  263.561, -229.195, 999.000, 999.000, -1.55,  0.20,1
  292.827, -286.909, 141.097,   4.500, -1.32,  0.25,1
  -23.254, -313.211, 999.000, 999.000, -1.74,  0.26,1
  277.825, -150.071, 999.000, 999.000, -1.48,  0.30,1
  390.162, -274.904, 999.000, 999.000, -1.52,  0.29,1
  339.607, -118.401, 144.610,   4.330, -1.64,  0.28,1
  304.186, -217.667, 154.161,   4.800, -1.54,  0.24,1
  215.744, -278.022, 999.000, 999.000, -1.94,  0.20,1
  379.624, -289.821, 999.000, 999.000, -1.43,  0.27,1
   95.486, -309.824, 999.000, 999.000, -1.43,  0.21,1
  345.523, -228.013, 138.851,   5.460, -1.68,  0.28,1
  236.445, -212.794, 999.000, 999.000, -1.27,  0.22,1
 -120.573, -180.186, 149.586,   4.380, -1.62,  0.23,1
  267.231, -183.630, 154.933,   2.870, -1.38,  0.29,1
  249.343, -186.270, 147.726,   4.470, -1.58,  0.27,1
 -702.542,-1693.293, 999.000, 999.000, -0.82,  0.26,0
-1474.144, -386.292, 999.000, 999.000, -0.21,  0.30,0
-1722.398, 3402.209, 999.000, 999.000, -0.73,  0.27,0
  762.117,-4135.910, 999.000, 999.000, -0.61,  0.28,0
-2504.207, -474.099, 999.000, 999.000, -0.40,  0.26,0
 3518.761, 1496.591, 999.000, 999.000, -0.53,  0.26,0
-1716.102, 4035.989,  50.843,   5.350, -0.91,  0.26,0
 2507.173,-4980.940, 999.000, 999.000, -0.65,  0.28,0
-4246.369, 1113.442, 999.000, 999.000, -0.85,  0.23,0
-4064.812, 2307.344, 999.000, 999.000, -0.85,  0.23,0
 -756.122, 1887.577, -73.205,   4.860, -1.09,  0.29,0
   26.957,-1503.876, 999.000, 999.000, -0.94,  0.29,0
-3311.021,-3888.439, 999.000, 999.000, -0.19,  0.28,0
-1790.674,-4623.279, 999.000, 999.000, -1.02,  0.30,0
 -360.561, 3163.258, 999.000, 999.000, -1.08,  0.29,0
 1396.704, 1172.128, 999.000, 999.000, -0.62,  0.29,0
-4535.979,-2582.862, 999.000, 999.000, -0.75,  0.22,0
 4855.595,   62.661, 999.000, 999.000, -0.79,  0.23,0
-4569.794, -206.711, 999.000, 999.000, -0.78,  0.27,0
 2148.089, 3923.190, 999.000, 999.000, -0.69,  0.30,0
 3846.691, 4733.104, 999.000, 999.000, -0.46,  0.24,0
 2551.207, 4057.660, -63.814,   4.190, -0.16,  0.27,0
 3982.724,-1301.837, 999.000, 999.000, -0.68,  0.24,0
 4876.225,  267.246, -20.378,   4.880, -1.23,  0.26,0
  455.704, -972.458, 999.000, 999.000, -0.90,  0.29,0
-4482.594, -564.771, 999.000, 999.000, -0.47,  0.28,0
 1466.849, 3030.291, 999.000, 999.000, -0.95,  0.30,0
 2810.118,  897.030,   1.198,   4.680, -0.93,  0.20,0
-2016.195,-2857.205, 999.000, 999.000, -0.37,  0.27,0
 1491.300, -794.751,-123.190,   4.540, -0.54,  0.23,0
-3998.229, 4915.313, 999.000, 999.000, -1.03,  0.26,0
-2106.146,-3664.323, 999.000, 999.000, -0.55,  0.25,0
 2466.460,-2668.701, 999.000, 999.000, -0.43,  0.30,0
 3573.797,-1576.915, 999.000, 999.000, -1.03,  0.26,0
 3960.318, 3248.742, 999.000, 999.000, -0.73,  0.26,0
 3872.825,-3319.842, 999.000, 999.000, -0.93,  0.26,0
  790.671,-2729.728, 999.000, 999.000, -0.76,  0.23,0
 1424.249,-4883.363, 999.000, 999.000, -0.70,  0.22,0
 3531.211, 3310.251, 999.000, 999.000, -0.52,  0.29,0
-3820.641,-2585.654, 999.000, 999.000, -1.09,  0.26,0
 3718.523, -591.172, 999.000, 999.000, -0.60,  0.27,0
  378.468,-1181.937, 999.000, 999.000, -0.83,  0.28,0
 4725.998, 1142.769, 999.000, 999.000, -0.32,  0.27,0
 1858.646,-2024.575, 999.000, 999.000, -0.73,  0.23,0
  311.234,-1248.565, 999.000, 999.000, -0.66,  0.30,0
-4151.720, 1900.333, 999.000, 999.000, -1.37,  0.25,0
  677.810,-1770.386, 999.000, 999.000, -0.27,  0.30,0
-3807.329, 3147.712, 999.000, 999.000, -0.81,  0.22,0
-1895.556, 4248.169, 999.000, 999.000, -0.65,  0.29,0
 2151.656,  861.572, 999.000, 999.000, -0.88,  0.25,0
 2191.450,-2391.745, 999.000, 999.000, -0.59,  0.24,0
 4036.317,-3316.333, 999.000, 999.000, -0.63,  0.25,0
 -799.869,-2149.319, 999.000, 999.000, -1.10,  0.22,0
 3521.891, 4149.025, 999.000, 999.000, -1.27,  0.21,0
-1380.967,  -56.843, 999.000, 999.000, -0.65,  0.22,0
-2601.244, -339.202, 999.000, 999.000, -0.96,  0.25,0
-4753.619, 2460.355, 999.000, 999.000, -0.61,  0.30,0
-3290.183,-1623.555, -64.332,   4.330, -1.03,  0.26,0
 -673.726,-4356.514, -29.663,   4.930, -0.60,  0.28,0
 3535.411,-1201.794,  46.970,   4.130, -1.27,  0.29,0
 3559.297, 1391.435, -73.742,   3.870, -0.54,  0.29,0
  972.971, 1509.953, 999.000, 999.000, -0.77,  0.26,0
-3110.498, 3955.585, 999.000, 999.000, -0.86,  0.24,0
-4939.050,-4259.502, 999.000, 999.000, -0.80,  0.21,0
 3777.441, 4482.195, 999.000, 999.000, -0.72,  0.20,0
 4161.067,  714.607, 999.000, 999.000, -0.43,  0.27,0
 -269.403,  784.566, 999.000, 999.000, -1.12,  0.27,0
 3787.842, -391.089, 999.000, 999.000, -0.73,  0.22,0
-2702.559, -352.736, 999.000, 999.000, -1.17,  0.28,0
 3905.470, 1100.215, 999.000, 999.000, -0.73,  0.28,0
 2427.415, 2384.722, 999.000, 999.000, -0.84,  0.21,0
-1681.940,-4273.418, 999.000, 999.000, -0.89,  0.25,0
-3421.421,-2490.071, 999.000, 999.000, -0.84,  0.24,0
-2231.525,-4639.122, 999.000, 999.000, -0.97,  0.28,0
-2992.790, 2010.865, 999.000, 999.000, -0.82,  0.24,0
-2420.399, 1225.115,  40.928,   6.000, -0.55,  0.26,0
-1931.323,-1968.481, 999.000, 999.000, -0.90,  0.23,0
 -258.429, 1371.793, 999.000, 999.000, -0.41,  0.22,0
-4986.549, 3719.284,  25.801,   2.870, -0.77,  0.20,0
 3206.918,-4362.647, -62.715,   3.410, -0.67,  0.24,0
-1563.388,-1823.062, 999.000, 999.000, -0.70,  0.22,0
  570.925,-1674.798, 999.000, 999.000, -0.61,  0.23,0
-3217.861,-1955.514, 999.000, 999.000, -0.93,  0.27,0
-4722.655, 3962.419, 999.000, 999.000, -0.56,  0.21,0
 1711.210,-3855.909, 999.000, 999.000, -1.09,  0.23,0
 4488.923, 1401.643, 999.000, 999.000, -0.59,  0.21,0
-4830.848, 3203.746,-106.753,   4.860, -0.78,  0.21,0
 1054.268,-2765.603, 999.000, 999.000, -0.82,  0.23,0
-4316.022, -746.114, 999.000, 999.000, -0.49,  0.24,0
  502.703,  -96.305, 999.000, 999.000, -0.66,  0.26,0
 2106.296,  270.724,  25.143,   4.600, -1.05,  0.28,0
-1632.590,-2617.995,   4.276,   2.920, -0.96,  0.30,0
-1957.445,-2723.785, 999.000, 999.000, -0.94,  0.27,0
 1621.894,-2639.414, -69.923,   4.470, -1.20,  0.23,0
 3695.976, 3847.861, 999.000, 999.000, -0.95,  0.20,0
 4525.275,  879.067, 999.000, 999.000, -0.63,  0.21,0
 3164.735, 2865.322, 999.000, 999.000, -0.69,  0.30,0
-4442.656, 1452.583, 999.000, 999.000, -0.49,  0.26,0
-2434.782,-3149.077, 999.000, 999.000, -0.59,  0.29,0
 3868.894, 2314.033, 999.000, 999.000, -1.11,  0.27,0
 3630.544, 3059.426, 999.000, 999.000, -0.42,  0.28,0
 2873.681, 4492.869, 999.000, 999.000, -0.79,  0.25,0
 2598.120, 1663.545, 999.000, 999.000, -1.40,  0.25,0
   56.721,-3429.814, -42.051,   4.380, -1.03,  0.28,0
 3948.727,-4499.363, 999.000, 999.000, -0.80,  0.25,0
-2337.116, 4861.140, 999.000, 999.000, -0.96,  0.21,0
 4642.964,-1362.169, 999.000, 999.000, -0.33,  0.24,0
 3688.431,-3718.694, 999.000, 999.000, -1.06,  0.29,0
 4199.952, 2195.416, 999.000, 999.000, -0.95,  0.25,0
-2559.342, -269.120, 999.000, 999.000, -0.71,  0.23,0
  793.914, 1064.976, 999.000, 999.000, -0.81,  0.21,0
-2911.341, -745.721, -11.011,   4.140, -1.00,  0.23,0
 -460.332,-3084.294, 999.000, 999.000, -1.14,  0.29,0
-3201.452, -571.333, 999.000, 999.000, -0.82,  0.20,0
  750.118,  129.746, 999.000, 999.000, -1.04,  0.30,0
 1076.451, 1299.568, 999.000, 999.000, -0.53,  0.30,0
-3038.371, 4824.093,  10.777,   4.650, -1.23,  0.20,0
 1099.355, 1900.068, 999.000, 999.000, -1.11,  0.22,0
-4993.998,-1507.218, 999.000, 999.000, -0.84,  0.24,0
  831.234,-4999.109, 999.000, 999.000, -0.93,  0.27,0
   82.385, -192.446, 999.000, 999.000, -1.00,  0.22,0
 -537.479, 4257.384, 999.000, 999.000, -0.88,  0.25,0
 3277.549, 3352.842, 999.000, 999.000, -0.71,  0.23,0
-1077.576, 3637.337,  -6.186,   4.870, -0.57,  0.22,0
 4470.592,-4223.207,  -4.935,   3.870, -0.87,  0.26,0
 2626.907,  298.660, 999.000, 999.000, -0.67,  0.25,0
 -766.251,-2898.969, 999.000, 999.000, -1.04,  0.23,0
-3821.865, -776.956, 999.000, 999.000, -1.07,  0.21,0
 3510.254,  622.929, 999.000, 999.000, -0.45,  0.29,0
  341.078, 4586.983, 999.000, 999.000, -0.85,  0.20,0
-1627.850, 1447.811, 999.000, 999.000, -0.70,  0.24,0
-1879.224,-1497.505, -82.140,   4.220, -1.01,  0.21,0
 3768.521, 1596.220, 999.000, 999.000, -0.44,  0.27,0
-4007.079, -583.302, 999.000, 999.000, -0.44,  0.22,0
-4280.844, -874.309,  61.942,   5.210, -0.53,  0.27,0
 1937.157,-1525.242, -47.308,   4.350, -0.97,  0.27,0
-3609.001,  462.232, -22.030,   4.200, -1.16,  0.28,0
 -559.286,-1363.626, 999.000, 999.000, -0.99,  0.23,0
 1833.031,-3870.687, -24.809,   4.130, -1.33,  0.21,0
 3795.875, 3304.977, -46.994,   5.490, -0.63,  0.23,0
 1773.167, 4341.261, -29.177,   4.130, -0.52,  0.26,0
 4665.402, 1635.131, -28.881,   4.220, -0.72,  0.27,0
-2286.600, 2989.600, 999.000, 999.000, -0.94,  0.28,0
 1182.274, 2305.043,-119.609,   4.430, -0.71,  0.22,0
 3194.484,  743.209,-130.083,   4.170, -1.08,  0.22,0
 3375.489,  963.960, 999.000, 999.000, -0.37,  0.29,0
 -934.104, 1217.804, 999.000, 999.000, -0.76,  0.26,0
 1860.692, 4945.000, 999.000, 999.000, -1.30,  0.25,0
 4450.765, -956.531, 999.000, 999.000, -0.58,  0.23,0
-2357.948, -145.619, 999.000, 999.000, -0.94,  0.27,0
 3166.229, -959.402, 999.000, 999.000, -0.45,  0.27,0
 3959.241,-2479.801, 999.000, 999.000, -0.68,  0.23,0
 4702.858, 4264.301,  19.779,   4.160, -0.25,  0.26,0
 3699.698,-3495.178, 999.000, 999.000, -0.85,  0.21,0
-3191.010,-2375.895, 999.000, 999.000, -0.66,  0.25,0
 3287.040, 1100.513, -43.722,   5.340, -1.02,  0.22,0
 -595.218, 2344.876,  10.151,   4.350, -0.81,  0.26,0
-4330.343, 1399.115, 999.000, 999.000, -0.68,  0.28,0
-3052.978, 3932.735, 999.000, 999.000, -0.90,  0.21,0
-1425.939, 4073.166, 999.000, 999.000, -1.07,  0.24,0
 2725.266, 4197.337, 999.000, 999.000, -0.76,  0.22,0
-1535.802,-3498.043, 999.000, 999.000, -0.82,  0.21,0
-1306.770, 2429.452, 999.000, 999.000, -0.64,  0.24,0
 1288.936, 2823.375, 999.000, 999.000, -0.88,  0.25,0
 1689.243, 3556.956, 999.000, 999.000, -0.93,  0.29,0
 -135.431, 1449.652, 999.000, 999.000, -0.88,  0.22,0
-3098.543,-3637.853, 999.000, 999.000, -0.87,  0.29,0
-4637.509,-2027.064, 999.000, 999.000, -0.76,  0.24,0
 2303.447, 2921.760, 999.000, 999.000, -0.97,  0.30,0
 4513.604,  545.959, 999.000, 999.000, -0.88,  0.28,0
-1557.465, 1315.283, 999.000, 999.000, -0.72,  0.25,0
-4001.238,-4762.072, 999.000, 999.000, -0.91,  0.29,0
-1997.761, -238.438, 999.000, 999.000, -1.13,  0.25,0
-3121.863,-2189.530,   3.466,   6.800, -0.89,  0.22,0
 1917.951, -532.142, 999.000, 999.000, -0.48,  0.30,0
 2605.467, 4923.087, 999.000, 999.000, -0.91,  0.23,0
-1397.964,-2534.878, 999.000, 999.000, -0.51,  0.25,0
   29.034,-1646.018, 999.000, 999.000, -1.16,  0.24,0
 3654.754, 1312.661, -40.724,   4.650, -0.53,  0.28,0
  861.703,-3927.121, -33.097,   3.130, -0.30,  0.22,0
-1324.615,-3136.073, 999.000, 999.000, -0.67,  0.22,0
 -910.797,-1405.855, 999.000, 999.000, -0.88,  0.27,0
-3798.414,-2335.616, 999.000, 999.000, -1.01,  0.20,0
-2542.584, 4143.129, 999.000, 999.000, -0.80,  0.26,0
-2387.826,-2151.298, 999.000, 999.000, -1.02,  0.30,0
-4404.959,-2534.525, 999.000, 999.000, -1.06,  0.28,0
 1737.905,-2462.319, 999.000, 999.000, -0.76,  0.30,0
 1292.203,-4242.302, 999.000, 999.000, -1.04,  0.28,0
 2926.394,  891.134, 999.000, 999.000, -0.77,  0.23,0
 -139.659, 2331.861, 999.000, 999.000, -0.89,  0.28,0
 3252.995,-2176.280,  19.090,   5.730, -0.52,  0.30,0
 2837.645,-3866.034, -40.227,   3.970, -0.96,  0.25,0
-1503.527,-4727.708, 999.000, 999.000, -0.87,  0.28,0
-2419.744, 3112.197,  28.140,   4.160, -0.93,  0.23,0
-1378.121, 3519.366, 999.000, 999.000, -0.82,  0.23,0
-4113.811, 4056.874, 999.000, 999.000, -1.21,  0.28,0
 1226.065,-3232.167, 999.000, 999.000, -0.62,  0.20,0
 3183.527, 3019.646, 999.000, 999.000, -0.93,  0.21,0
 -654.013, 3681.546, 999.000, 999.000, -0.73,  0.25,0
 4089.119, 2301.933, 999.000, 999.000, -0.83,  0.22,0
 -350.407,-1806.601, 999.000, 999.000, -1.12,  0.22,0
-4481.948, 4756.278, 999.000, 999.000, -0.89,  0.23,0
 -724.961, 1385.301, 999.000, 999.000, -1.14,  0.29,0
-3315.531,  313.950, 999.000, 999.000, -0.65,  0.26,0
 3702.376,  524.806, 999.000, 999.000, -0.88,  0.29,0
-4572.974, 4578.790, 999.000, 999.000, -0.42,  0.22,0
 2782.826,-2739.115, 999.000, 999.000, -0.79,  0.26,0
  906.778, 2664.719, 999.000, 999.000, -0.78,  0.27,0
 -661.630, 1020.114, 999.000, 999.000, -0.45,  0.25,0
-1949.913,-2759.568, -13.408,   4.400, -0.88,  0.23,0
 2419.955, 1500.293,  34.550,   3.050, -0.73,  0.25,0
-2707.816, -213.736, 999.000, 999.000, -0.90,  0.24,0
-1295.046, 3982.207, 999.000, 999.000, -0.72,  0.27,0
 2045.195,-3841.662,  -3.002,   2.780, -0.23,  0.29,0
 4498.907, -914.874,-138.632,   4.100, -0.37,  0.23,0
-4035.757,-2373.810, 999.000, 999.000, -1.00,  0.22,0
-1444.232,   64.124, 999.000, 999.000, -0.55,  0.22,0
 4637.333, -257.191, 999.000, 999.000, -0.34,  0.26,0
 3906.682,-1756.959, 999.000, 999.000, -0.88,  0.29,0
-3510.923,-1034.202, 999.000, 999.000, -0.94,  0.24,0
 1498.613,-2194.532,  17.529,   5.190, -1.20,  0.26,0
-1040.741,-1471.683, 999.000, 999.000, -0.68,  0.22,0
-4388.097, 3253.540, 999.000, 999.000, -1.43,  0.28,0
 4668.349, 2570.656, 999.000, 999.000, -0.66,  0.25,0
-4764.664,-1041.060, -89.656,   4.230, -0.73,  0.23,0
-3169.776, -856.125, 999.000, 999.000, -1.05,  0.28,0
-2316.689,-3056.318, -42.981,   4.500, -0.54,  0.26,0
-1523.333,-3848.810, 999.000, 999.000, -0.95,  0.28,0
-4154.912,  723.979,   7.188,   2.430, -1.00,  0.26,0
-2367.187, 1196.156, 999.000, 999.000, -1.05,  0.29,0
  569.215,-4615.845, 999.000, 999.000, -0.85,  0.25,0
-1000.666, 3621.007,  83.026,   3.920, -0.66,  0.27,0
-3953.029,-3240.110, -31.095,   4.070, -1.04,  0.26,0
-3090.297,-1031.730, 999.000, 999.000, -0.58,  0.30,0
  273.445, -265.063, -66.352,   3.920, -0.64,  0.25,0
 -122.134, 3291.060,  -3.981,   6.490, -0.87,  0.22,0
  546.876, -411.728, 999.000, 999.000, -0.33,  0.23,0
-2928.720, -519.892, 999.000, 999.000, -0.59,  0.25,0
 -643.259,  958.306, 999.000, 999.000,  0.02,  0.21,0
 -771.048, 2265.063,  84.697,   4.560, -0.87,  0.29,0
-1556.719,-2241.109, 999.000, 999.000, -0.77,  0.27,0
-1198.323,-1785.218, 999.000, 999.000, -0.97,  0.29,0
 -648.297, 2487.877, 999.000, 999.000, -1.00,  0.26,0
 4044.030,-2558.546, 999.000, 999.000, -0.99,  0.20,0
 3491.210, 4176.798,  88.624,   5.830, -1.01,  0.24,0
-1857.125,  903.969, 999.000, 999.000, -0.91,  0.24,0
  786.840, 4369.533, 999.000, 999.000, -1.29,  0.24,0
-4032.883,-1996.033, 999.000, 999.000, -0.48,  0.30,0
 3813.915, 4962.284, 999.000, 999.000, -0.95,  0.26,0
 -814.891,   27.338, 999.000, 999.000, -0.98,  0.26,0
-3562.180, -932.063, 999.000, 999.000, -1.12,  0.25,0
 -439.085,  -83.467, 999.000, 999.000, -0.90,  0.27,0
-1547.796, -195.678, 999.000, 999.000, -1.08,  0.29,0
-1071.909, -585.440, -42.609,   2.140, -1.05,  0.26,0
-3258.079,  329.800, 999.000, 999.000, -0.96,  0.30,0
  934.979,-3165.291, 999.000, 999.000, -0.62,  0.27,0
 1566.623,-3113.885, 999.000, 999.000, -1.03,  0.28,0
 3327.879, -406.195,-132.881,   4.960, -0.76,  0.29,0
-2110.608,-3825.853, 999.000, 999.000, -0.71,  0.28,0
-2101.146,-3797.224, 999.000, 999.000, -1.18,  0.21,0
 4868.736, 4908.106, 999.000, 999.000, -0.57,  0.23,0
-2316.241, 2246.042,  58.071,   3.920, -0.42,  0.29,0
 1067.451,-4612.277, 999.000, 999.000, -0.63,  0.26,0
 1204.739, 3260.381, 999.000, 999.000, -1.15,  0.27,0
 -646.639, 2903.373, 999.000, 999.000, -0.80,  0.27,0
-3771.438, 1176.275, 999.000, 999.000, -0.90,  0.24,0
-3126.426, 2211.953,-111.026,   4.100, -0.70,  0.23,0
-2316.183, -141.557, -88.572,   3.870, -0.82,  0.21,0
-1067.337, 2032.199, 999.000, 999.000, -1.20,  0.21,0
-3363.102, 2002.861, 999.000, 999.000, -0.41,  0.23,0
  466.369, -434.107, 999.000, 999.000, -0.94,  0.30,0
-4643.933,  251.653, 999.000, 999.000, -1.04,  0.29,0
  134.014,-3547.703, 999.000, 999.000, -0.74,  0.23,0
 4536.138,-4151.034,  -7.795,   2.140, -1.18,  0.30,0
-4394.750, 4715.938, 999.000, 999.000, -0.50,  0.20,0
-4719.746, 2593.047, 999.000, 999.000, -0.51,  0.29,0
 3834.319,-2369.312,  13.695,   2.840, -0.63,  0.20,0
 2266.203, 2620.422, 999.000, 999.000, -0.64,  0.28,0
-4465.165,  729.066, 999.000, 999.000, -0.20,  0.26,0
 4362.410,-1550.456, 999.000, 999.000, -0.81,  0.24,0
 -616.825, 4413.252, 999.000, 999.000, -0.72,  0.23,0
-1703.714,-2650.743, 999.000, 999.000, -0.45,  0.27,0
-2451.328, -354.038, 999.000, 999.000, -1.34,  0.26,0
  447.571, 1683.009,  23.074,   4.040, -0.87,  0.27,0
-4915.021, 2805.033, 999.000, 999.000, -0.75,  0.25,0
 -432.439, 2568.932, 999.000, 999.000, -0.99,  0.30,0
-1868.004, -249.355,  75.938,   4.630, -0.66,  0.24,0
  828.353, 1237.185, 999.000, 999.000, -1.07,  0.30,0
 -215.698, 2182.754, 999.000, 999.000, -0.61,  0.23,0
 4594.489, 4232.667, 999.000, 999.000, -0.71,  0.25,0
  141.380, 3329.802, 999.000, 999.000, -1.03,  0.22,0
 3252.462, 1944.035, 999.000, 999.000, -0.80,  0.26,0
 2557.692, 4168.748,  13.461,   4.250, -1.04,  0.28,0
  135.905,-3635.272, 999.000, 999.000, -0.83,  0.25,0
 -758.131,-1481.957, 999.000, 999.000, -0.85,  0.29,0
 1240.878,-2755.644, 999.000, 999.000, -0.46,  0.27,0
 4797.072, 4171.648, -28.626,   4.130, -1.33,  0.22,0
  517.983, 3625.459,   9.912,   5.230, -1.11,  0.23,0
  259.436,  503.761, -74.679,   5.420, -1.06,  0.26,0
 4248.594,  593.098,  35.881,   3.020, -1.14,  0.28,0
-3509.451, 4242.525, 999.000, 999.000, -0.65,  0.24,0
 4881.737, 4273.234, 999.000, 999.000, -1.08,  0.22,0
 2044.523,-1201.294, 999.000, 999.000, -0.71,  0.26,0
 1403.198, 3706.984, 999.000, 999.000, -0.85,  0.30,0
 2737.189,-3927.331, -18.530,   4.030, -0.87,  0.21,0
 4452.581, 2806.044, 999.000, 999.000, -0.84,  0.26,0
 -433.770,-2969.109, 999.000, 999.000, -0.93,  0.21,0
-4430.797, 2153.807, 999.000, 999.000, -0.77,  0.20,0
 3107.536,-1718.464, 999.000, 999.000, -0.76,  0.23,0
 4043.671, -862.926, 999.000, 999.000, -0.48,  0.28,0
-2150.411,-1652.473, 999.000, 999.000, -0.41,  0.27,0
 2151.158, 4291.095, 999.000, 999.000, -1.37,  0.27,0
-3159.413,  866.353, 999.000, 999.000, -1.05,  0.23,0
 -467.642,-4089.584, 999.000, 999.000, -1.08,  0.27,0
-1276.518, 1291.457, 999.000, 999.000, -0.54,  0.22,0
 4180.027, 4514.276,  34.824,   4.140, -0.81,  0.25,0
-4315.867,-4771.185, 999.000, 999.000, -0.89,  0.29,0
 3656.151,-3158.718, 999.000, 999.000, -0.61,  0.29,0
-4542.536, 3180.506, 999.000, 999.000, -1.25,  0.28,0
-1459.501,-1965.874, 999.000, 999.000, -0.93,  0.22,0
-1958.115,-1539.922, 999.000, 999.000, -0.78,  0.28,0
-2292.219, 2908.707,  47.556,   4.670, -0.42,  0.24,0
 2783.955,  106.683, 999.000, 999.000, -0.56,  0.24,0
-2467.256,-4012.107, 999.000, 999.000, -0.87,  0.20,0
-3396.866, 2226.558, 999.000, 999.000, -1.11,  0.25,0
-3728.076, 4995.746, -30.555,   4.860, -1.16,  0.28,0
-1101.861, 1261.046,  60.997,   2.930, -0.71,  0.29,0
-1528.086, 4114.839, 999.000, 999.000, -0.96,  0.23,0
-3434.162, 3525.216, 999.000, 999.000, -0.53,  0.25,0
-4708.108, 2174.040,  31.550,   3.020, -0.50,  0.29,0
 1999.760, 1949.900, 999.000, 999.000, -0.90,  0.27,0
-4772.792, 2957.202, 999.000, 999.000, -0.67,  0.23,0
-3355.715, 1028.029,  36.659,   4.140, -0.53,  0.28,0
-3964.514,-3977.881, 999.000, 999.000, -1.52,  0.22,0
 1591.619,-2604.683,  -8.805,   2.860, -1.07,  0.21,0
  359.838,-2976.874, 999.000, 999.000, -0.77,  0.27,0
 4294.572, 1127.261, 999.000, 999.000, -1.32,  0.27,0
  539.846, -709.210, 999.000, 999.000, -0.75,  0.27,0
-1876.090, 4545.826, 999.000, 999.000, -1.03,  0.21,0
 3177.224,-1717.453, 999.000, 999.000, -1.11,  0.22,0
 4734.340,-1559.091, 999.000, 999.000, -0.43,  0.28,0
-4045.462, 3668.706, 999.000, 999.000, -1.10,  0.21,0
 2457.367,-1592.527, 999.000, 999.000, -1.18,  0.22,0
-2555.842,  567.141, -84.849,   4.530, -0.39,  0.27,0
-3357.586, -301.965, 999.000, 999.000, -0.52,  0.22,0
 4725.563,  871.591,   5.927,   4.220, -0.75,  0.22,0
-4873.678,-4758.776, 999.000, 999.000, -0.86,  0.27,0
 2051.990,-4543.252, -40.661,   3.520, -1.03,  0.24,0
-1580.769, 1733.757, 999.000, 999.000, -1.15,  0.26,0
-3929.947, 1573.640, 999.000, 999.000, -0.79,  0.22,0
-4007.872,-1123.224, 999.000, 999.000, -1.01,  0.22,0
-1483.823, 3703.982, 999.000, 999.000, -1.03,  0.27,0
 2083.379, 2299.923,  57.257,   4.460, -0.78,  0.21,0
 4776.736,  455.096, 999.000, 999.000, -1.05,  0.27,0
  879.838, -428.054, 999.000, 999.000, -0.56,  0.24,0
-3439.784,-1199.248, -51.936,   5.420, -0.57,  0.24,0
 1695.971, 1975.496, 999.000, 999.000, -0.51,  0.22,0
  702.364, 4248.146, 999.000, 999.000, -0.96,  0.23,0
 -767.913, -565.067, 999.000, 999.000, -1.01,  0.28,0
 1169.413, -660.625, 999.000, 999.000, -1.05,  0.30,0
 3433.673, 4969.537, 999.000, 999.000, -0.86,  0.24,0
-3579.573, 2156.854, 999.000, 999.000, -0.47,  0.30,0
 4454.821, 3707.532, 999.000, 999.000, -0.73,  0.20,0
-3060.655,-1659.800, 999.000, 999.000, -0.96,  0.27,0
 1414.071,-3614.662, 999.000, 999.000, -0.96,  0.23,0
 1696.057, 4901.129, 999.000, 999.000, -0.97,  0.21,0
-3479.199, 1280.013, 999.000, 999.000, -0.73,  0.26,0
 4733.280, -795.180,-140.225,   4.440, -0.58,  0.29,0
  488.831,-4912.208, 999.000, 999.000, -1.14,  0.28,0
 1628.224, 4324.938, 999.000, 999.000, -0.82,  0.22,0
-4554.333, -250.366, 999.000, 999.000, -0.66,  0.23,0
 2513.487,  583.919, -37.045,   4.810, -0.76,  0.23,0
 -726.641,   57.091, 999.000, 999.000, -0.26,  0.28,0
-2293.451,-1268.538, 999.000, 999.000, -1.06,  0.22,0
 4561.128, -394.887, 999.000, 999.000, -0.59,  0.24,0
 1096.094, 4263.867, 999.000, 999.000, -0.46,  0.29,0
-3463.614, 1189.167, 999.000, 999.000, -0.64,  0.26,0
 1345.924,-2594.074, 999.000, 999.000, -0.93,  0.23,0
 1878.430,-2123.370, 999.000, 999.000, -1.29,  0.28,0
 1982.080,-3323.687, 999.000, 999.000, -0.78,  0.21,0
-2968.639,-2124.398, 999.000, 999.000, -0.86,  0.24,0
  280.139,-3198.105, 999.000, 999.000, -0.71,  0.24,0
-1513.588,  -31.624, 999.000, 999.000, -0.22,  0.30,0
 2673.323, -297.972, 999.000, 999.000, -0.77,  0.26,0
 1489.768,-1331.921, 999.000, 999.000, -0.64,  0.21,0
-3920.688,-1291.826, 999.000, 999.000, -1.19,  0.22,0
 3203.101, 4284.935, 999.000, 999.000, -0.95,  0.26,0
  682.309, 2860.721, 999.000, 999.000, -0.57,  0.28,0
-3857.545, 1737.242, 999.000, 999.000, -0.65,  0.29,0
-1218.342, -153.635, 999.000, 999.000, -0.56,  0.21,0
 4225.307, 2786.998, 116.389,   4.160, -0.87,  0.24,0
 3192.398, -513.715, -45.757,   4.650, -0.81,  0.27,0
  203.570, 2878.411, 999.000, 999.000, -0.86,  0.20,0
-1493.166, -648.081, 999.000, 999.000, -0.94,  0.22,0
-4385.665,-2290.214, -10.129,   4.090, -1.21,  0.30,0
-2500.002,  905.718, 999.000, 999.000, -1.03,  0.21,0
-3219.932,  733.742, 999.000, 999.000, -1.00,  0.27,0
  489.035, -497.837, 999.000, 999.000, -0.69,  0.24,0
 -759.647,-1352.881, 999.000, 999.000, -0.45,  0.29,0
 2011.796, 3403.836, 999.000, 999.000, -0.58,  0.25,0
-1216.526,-4142.522, 999.000, 999.000, -1.18,  0.22,0
 1821.496,-4393.459, 999.000, 999.000, -0.81,  0.27,0
-1877.052, 4608.511, 999.000, 999.000, -0.81,  0.23,0
  782.803,-2629.500, 999.000, 999.000, -0.90,  0.26,0
 -338.077,  128.068, 999.000, 999.000,  0.07,  0.30,0
 -551.671, -509.022, 999.000, 999.000, -1.00,  0.26,0
 2627.000, 2410.195, 999.000, 999.000, -0.84,  0.26,0
 -667.114, 3607.354, -62.163,   4.010, -1.60,  0.29,0
 3617.654,-4726.941, 999.000, 999.000, -0.69,  0.25,0
 -160.679, 1745.646, 999.000, 999.000, -1.09,  0.23,0
 1926.077, 3450.044, 999.000, 999.000, -0.56,  0.30,0
-4982.033,-2673.023, 999.000, 999.000, -0.99,  0.26,0
-2645.989,-1066.403, 999.000, 999.000, -1.10,  0.25,0
  306.512,-2598.057, -91.923,   4.710, -0.76,  0.27,0
 1577.093, 3105.396,   5.131,   5.860, -0.93,  0.28,0
 2560.744, -468.893, 999.000, 999.000, -0.65,  0.22,0
 2121.166, 1949.757, 999.000, 999.000, -0.99,  0.20,0
  228.688, 1970.227, 999.000, 999.000, -0.71,  0.28,0
 3191.155,-3630.423, 999.000, 999.000, -0.64,  0.22,0
  604.528,-2001.695, 999.000, 999.000, -1.25,  0.27,0
 -493.208,-1394.724, 999.000, 999.000, -1.20,  0.29,0
 4431.954,-4701.965, 999.000, 999.000, -0.50,  0.25,0
-4023.990, -948.454, 999.000, 999.000, -0.83,  0.22,0
 3071.733, 1863.244, 999.000, 999.000, -0.83,  0.20,0
 1468.626, 1403.593, 999.000, 999.000, -1.25,  0.28,0
  392.727, 1548.925, -75.821,   4.670, -0.59,  0.29,0
-4351.094, 1341.686,  53.907,   2.900, -0.89,  0.25,0
 3826.326,-3196.635, 999.000, 999.000, -0.21,  0.26,0
-1131.223,-3998.701, 999.000, 999.000, -1.00,  0.28,0
 -429.233,-4856.626, 999.000, 999.000, -0.36,  0.22,0
-2505.300,-2611.745, 999.000, 999.000, -0.43,  0.23,0
-4600.748,-1913.417, 999.000, 999.000, -0.64,  0.24,0
 3915.960,-3429.498,  64.427,   4.400, -0.58,  0.29,0
 1446.535, -850.827, 999.000, 999.000, -0.58,  0.21,0
 2146.533,  551.128, 999.000, 999.000, -1.05,  0.24,0
  541.579, 2376.946, 999.000, 999.000, -0.77,  0.27,0
  611.067,-4124.709, 999.000, 999.000, -0.73,  0.24,0
-1233.696,-4145.405, 999.000, 999.000, -0.93,  0.21,0
-1793.672,-4081.080, 999.000, 999.000, -0.37,  0.24,0
 1570.265, 3780.838, 999.000, 999.000, -0.41,  0.23,0
 -791.458,-3114.910, 999.000, 999.000, -0.65,  0.25,0
-2395.828, 3106.931, 999.000, 999.000, -0.54,  0.28,0
-2506.813, 3137.481, 999.000, 999.000, -0.90,  0.20,0
-4598.948, 4074.866, 999.000, 999.000, -0.43,  0.30,0
 3605.613, 4789.691,  27.286,   4.170, -0.26,  0.26,0
 -340.423, 4759.546, 999.000, 999.000, -0.62,  0.27,0
-3098.535,-2465.075,  -2.318,   4.150, -0.90,  0.26,0
-1845.508,-4496.934, -23.869,   6.030, -0.48,  0.23,0
-2754.338,-3137.972, 999.000, 999.000,  0.07,  0.27,0
 4030.300,-3210.340, 999.000, 999.000, -0.51,  0.26,0
-1929.252,-3674.353, 999.000, 999.000, -0.15,  0.28,0
-4030.572, 4197.388, 999.000, 999.000, -1.24,  0.21,0
 -512.288,-2792.111, 999.000, 999.000, -0.99,  0.30,0
-3119.126, 1461.249, 999.000, 999.000, -0.69,  0.25,0
 3081.433, 4580.043, 999.000, 999.000, -0.90,  0.24,0
-2164.745, 1147.639, 999.000, 999.000, -0.84,  0.21,0
 2057.168, 3582.148,  -7.025,   4.230, -0.92,  0.26,0
-1989.869, 2614.044, 999.000, 999.000, -0.97,  0.28,0
-3015.390,  728.469, 999.000, 999.000, -0.78,  0.25,0
 -918.657,-2304.449, 999.000, 999.000, -0.74,  0.24,0
-3866.833, 1836.044, 999.000, 999.000, -1.02,  0.26,0
 1350.389,-1925.544, 999.000, 999.000, -1.09,  0.21,0
-2490.491,-4598.230, 999.000, 999.000, -0.95,  0.20,0
 2019.655, 3385.686, -96.642,   4.150, -0.66,  0.26,0
 2924.491,-1985.566, -16.764,   5.310, -0.88,  0.22,0
 3268.000,-2673.737, 999.000, 999.000, -0.86,  0.30,0
  299.848, 2928.430, -20.144,   5.260, -0.88,  0.24,0
 4201.446,-2506.350, 999.000, 999.000, -0.69,  0.28,0
-1642.337,-3841.849, 999.000, 999.000, -0.98,  0.26,0
-3130.176, 1153.368, 999.000, 999.000, -0.87,  0.25,0
-4730.806, 3167.406, 999.000, 999.000, -0.96,  0.28,0
-1889.636,-2973.728, 999.000, 999.000, -0.95,  0.21,0
-1652.518, 1352.490, 999.000, 999.000, -0.65,  0.22,0
-4722.148,  994.140, 999.000, 999.000, -0.81,  0.26,0
 3181.655,-2256.833, 999.000, 999.000, -0.94,  0.26,0
-3646.304,-2844.510, 999.000, 999.000, -1.04,  0.26,0
 2349.601,   88.810, 999.000, 999.000, -1.39,  0.27,0
 1598.634, 4725.057, 999.000, 999.000, -0.80,  0.25,0
 3429.239,-4787.684, 999.000, 999.000, -0.73,  0.28,0
 3103.950, 4203.271, 999.000, 999.000, -1.08,  0.28,0
 4265.771,-2364.916, 999.000, 999.000, -0.64,  0.20,0
-1436.530,-3022.891, 999.000, 999.000, -0.75,  0.29,0
-1133.568, -934.254, 999.000, 999.000, -0.97,  0.21,0
-2568.645, 4180.539, 999.000, 999.000, -0.97,  0.27,0
 3249.022,-4606.246, 999.000, 999.000, -0.34,  0.26,0
-2072.810,-3123.385, 999.000, 999.000, -0.73,  0.29,0
  951.341, 3705.373, -15.753,   2.930, -0.50,  0.26,0
 4188.777, 3070.010, 999.000, 999.000, -0.46,  0.29,0
-2737.868,  512.400, 999.000, 999.000, -0.68,  0.25,0
  755.059, -191.235, 999.000, 999.000, -0.66,  0.26,0
-1452.421,-3172.549, 999.000, 999.000, -1.15,  0.22,0
-2807.398,-3628.187, 999.000, 999.000, -0.57,  0.20,0
 3588.965,-1634.131, 999.000, 999.000, -0.55,  0.28,0
 -814.410, 1342.094, 999.000, 999.000, -0.59,  0.25,0
-3902.294, 1548.179, 999.000, 999.000, -0.53,  0.26,0
 4457.119,-2570.773, 999.000, 999.000, -1.09,  0.29,0
 4279.996, 2330.473, 999.000, 999.000, -0.89,  0.26,0
 4787.086,-2189.444, 999.000, 999.000, -0.81,  0.27,0
 2765.738, 2587.722, 999.000, 999.000, -0.16,  0.28,0
-2378.297, 2037.102, 999.000, 999.000, -0.87,  0.26,0
 4032.403,-4344.138, 999.000, 999.000, -0.74,  0.25,0
 4393.711,-1412.835, 999.000, 999.000, -0.50,  0.20,0
 -916.065, 1863.030, 999.000, 999.000, -1.13,  0.24,0
-4847.339,-1379.134, 999.000, 999.000, -1.17,  0.28,0
 4312.712, 1972.929, 999.000, 999.000, -0.73,  0.25,0
-2229.749,-4824.209, 999.000, 999.000, -0.50,  0.30,0
 4290.742,-4657.841, 999.000, 999.000, -0.88,  0.23,0
-2926.957,-2716.475, 999.000, 999.000, -0.91,  0.27,0
 -675.149, 1581.125,  27.531,   4.450, -1.14,  0.22,0
-2591.747, 2452.325, 999.000, 999.000, -0.69,  0.25,0
 3439.480, 2181.081, -97.408,   4.130, -1.27,  0.21,0
-3923.699, 4510.095, 999.000, 999.000, -1.07,  0.29,0
 1754.855,-1690.928,  89.946,   4.230, -0.99,  0.23,0
-4608.514, 4187.042, 999.000, 999.000, -0.88,  0.29,0
 3536.246, 2425.010,  10.046,   3.610, -0.81,  0.25,0
-2483.481,-1760.325, 999.000, 999.000, -0.77,  0.29,0
 3330.922, 4159.549,  54.491,   4.410, -0.65,  0.28,0
   92.490,-3381.134, 999.000, 999.000, -0.31,  0.28,0
-1412.267, -291.640,  -6.460,   4.680, -0.81,  0.23,0
  990.393,-3075.454, 999.000, 999.000, -0.29,  0.22,0
-2691.140,-2427.590, 999.000, 999.000, -0.96,  0.21,0
-2604.844, 3661.965,  28.534,   2.830, -1.06,  0.30,0
 3698.521,-1118.322, 999.000, 999.000, -0.68,  0.30,0
 1114.687, 1272.601, 999.000, 999.000, -0.65,  0.26,0
 1603.389,-2637.007, 999.000, 999.000, -1.08,  0.21,0
-2602.783, 4358.075, 999.000, 999.000, -1.15,  0.28,0
  160.294,-3896.164, 999.000, 999.000, -0.74,  0.28,0
 3182.047,   -0.903, 999.000, 999.000, -0.85,  0.25,0
-4193.773,-3341.949, 999.000, 999.000, -0.56,  0.28,0
-4507.395,-1158.535, 999.000, 999.000, -0.46,  0.29,0
-4781.701,  434.249, 999.000, 999.000, -0.93,  0.29,0
  711.257,-4552.471, 999.000, 999.000, -0.78,  0.24,0
 1176.838, 4843.909, 999.000, 999.000, -0.17,  0.27,0
 2430.753, 4822.413, 999.000, 999.000, -0.20,  0.25,0
 4339.963, -501.767,  29.763,   4.090, -0.61,  0.23,0
 3821.204, 2395.427, 999.000, 999.000, -0.97,  0.28,0
-3282.451, 2228.466, 999.000, 999.000, -0.70,  0.26,0
  957.100,  -75.088,  -5.083,   4.290, -0.53,  0.25,0
 1559.023, -851.068, 999.000, 999.000, -0.82,  0.30,0
-2485.333, 4106.404, -75.009,   4.120, -0.62,  0.23,0
-2185.899,-1054.495, 999.000, 999.000, -0.93,  0.28,0
 3727.212,-3690.428, 999.000, 999.000, -1.16,  0.23,0
    2.768, 4011.231, 999.000, 999.000, -0.72,  0.22,0
 2136.509,  258.690, 999.000, 999.000, -0.49,  0.21,0
-3147.134, 4605.367, 999.000, 999.000, -0.22,  0.30,0
-4724.133, 3144.032, 999.000, 999.000, -1.01,  0.26,0
-3507.417, 1282.535, 999.000, 999.000, -1.47,  0.30,0
 1551.660,  -64.954, 999.000, 999.000, -1.18,  0.25,0
 1339.235,  358.397,   4.565,   3.090, -0.88,  0.26,0
 4016.348,-1761.169,  41.185,   4.090, -1.18,  0.28,0
  123.382,-1195.534, 999.000, 999.000, -0.99,  0.20,0
 2115.345, 2177.740, 999.000, 999.000, -0.76,  0.21,0
-1285.282,-3200.457, 999.000, 999.000, -0.51,  0.27,0
-3737.221, 3231.754, 999.000, 999.000, -0.69,  0.27,0
 4349.132,  -39.016, 999.000, 999.000, -0.72,  0.22,0
 4522.507, 3686.657, 999.000, 999.000, -1.04,  0.25,0
-3787.434,-2861.624, 999.000, 999.000, -0.73,  0.22,0
 -362.660, -772.014, 999.000, 999.000, -1.02,  0.26,0
-2362.105, 2029.404, 999.000, 999.000, -1.19,  0.24,0
-2186.717, 4404.312, 999.000, 999.000, -0.91,  0.26,0
 1719.263,-4740.394, 999.000, 999.000, -0.74,  0.25,0
 1025.401,  -65.745, 999.000, 999.000, -0.78,  0.22,0
   21.672,  647.525, 999.000, 999.000, -0.53,  0.24,0
 4129.322, 4626.922, -19.692,   4.970, -0.56,  0.23,0
 3694.881, 1013.609, 999.000, 999.000, -0.20,  0.23,0
-3446.921, 1496.314, 999.000, 999.000, -1.26,  0.22,0
-4557.456,-2020.067, 999.000, 999.000, -0.97,  0.23,0
 4069.084,  801.535, 999.000, 999.000, -1.04,  0.23,0
 4211.686,-2405.506, -34.068,   4.880, -0.69,  0.25,0
-3188.537, 1867.750, 999.000, 999.000, -0.69,  0.20,0
 2042.254,-4395.969, 999.000, 999.000, -1.35,  0.29,0
 -295.489, -562.853, 999.000, 999.000, -0.60,  0.26,0
-2045.409,-2420.194, 999.000, 999.000, -0.98,  0.27,0
  428.140,  656.971, 999.000, 999.000, -0.84,  0.27,0
-2812.585,-1652.561, 999.000, 999.000, -0.35,  0.23,0
-1890.363,-3260.904, -21.704,   2.970, -0.71,  0.24,0
-2902.757, 4785.818, 999.000, 999.000, -0.76,  0.24,0
  897.743, 2209.779, 999.000, 999.000, -0.46,  0.30,0
  693.731,-4134.187, 999.000, 999.000, -1.22,  0.29,0
-4477.625, 2840.898, 999.000, 999.000, -1.03,  0.25,0
 2460.120, 2785.972, 999.000, 999.000, -0.83,  0.22,0
-4867.569,-4950.475, 999.000, 999.000, -0.71,  0.21,0
   67.303, 4974.701, 999.000, 999.000, -0.94,  0.27,0
 -420.875, -122.428, 999.000, 999.000, -0.80,  0.23,0
 1341.331, 1226.295, 999.000, 999.000, -1.21,  0.30,0
-1049.191,-4694.811, 999.000, 999.000, -0.56,  0.27,0
 1765.507, 4080.179, 999.000, 999.000, -1.09,  0.25,0
 1901.627, 2954.140, 999.000, 999.000, -0.90,  0.26,0
-1729.904, -819.079,  32.264,   4.560, -0.77,  0.25,0
 3971.260,-3283.796, 999.000, 999.000, -0.81,  0.20,0
-1788.406, 2360.884, 999.000, 999.000, -0.76,  0.23,0
  832.385,-4506.655, 999.000, 999.000, -0.65,  0.28,0
   69.128,-3299.589,  50.427,   4.800, -0.78,  0.25,0
 1628.175,-3580.759, 999.000, 999.000, -0.68,  0.22,0
 1514.657, 4665.730, 999.000, 999.000, -0.78,  0.22,0
 1145.272,-2031.994, 999.000, 999.000, -0.70,  0.21,0
-1358.289,-4470.408, 999.000, 999.000, -0.51,  0.29,0
 3511.687,-3894.000, 999.000, 999.000, -0.87,  0.25,0
-4440.894, 3632.710, 999.000, 999.000, -0.99,  0.25,0
 -254.128,  956.665, 999.000, 999.000, -0.64,  0.29,0
 -504.073, -530.036, 999.000, 999.000, -1.10,  0.23,0
 -986.967,-2254.414, 999.000, 999.000, -1.18,  0.24,0
-1923.791,-1898.050, 999.000, 999.000, -0.32,  0.29,0
   66.454, -202.499, 999.000, 999.000, -1.17,  0.24,0
-1844.241, -838.322,  19.103,   2.970, -0.68,  0.28,0
 -364.268,  434.872, 999.000, 999.000, -0.29,  0.25,0
 1021.073, 4869.837, -47.597,   5.420, -0.92,  0.30,0
 4896.791,-1887.243, -89.029,   4.450, -0.77,  0.22,0
-1847.534, 2040.563,  30.362,   4.810, -0.75,  0.23,0
 -607.505, 2307.456,  -1.204,   3.790, -0.97,  0.26,0
-2701.362,-1305.762, 999.000, 999.000, -0.95,  0.25,0
-2445.132,-1357.057, 999.000, 999.000, -1.03,  0.24,0
-3451.280,  311.881, 999.000, 999.000, -0.93,  0.22,0
-3187.055,-2364.648, 999.000, 999.000, -0.62,  0.29,0
  -18.084,-3981.673, 999.000, 999.000, -0.76,  0.23,0
 1428.861,   32.967, 999.000, 999.000, -0.81,  0.24,0
-3594.292,-1547.331, 999.000, 999.000, -1.16,  0.25,0
-3874.226,-3226.240, 999.000, 999.000, -0.89,  0.24,0
 2724.628,  714.040, 999.000, 999.000, -0.68,  0.25,0
-4623.130, 1276.363,  -8.993,   4.100, -0.69,  0.26,0
 2850.705,-3864.686, 999.000, 999.000, -0.73,  0.24,0
-3045.224,-1785.136, 999.000, 999.000, -0.81,  0.20,0
 3018.459, 2029.714, 999.000, 999.000, -1.06,  0.28,0
 -646.150,-2228.020,  14.232,   5.760, -0.93,  0.25,0
 -159.724,  629.994,  29.316,   3.130, -0.69,  0.27,0
 4813.881,-4932.550,  53.006,   2.470, -1.18,  0.26,0
  731.037, 2862.078, 999.000, 999.000, -1.15,  0.26,0
-1072.714,-1816.068, 999.000, 999.000, -0.94,  0.26,0
 2518.081,-3630.796, 999.000, 999.000, -1.54,  0.29,0
 -534.629, 1634.039, 999.000, 999.000, -1.05,  0.23,0
 4358.219, 3332.699, 999.000, 999.000, -1.30,  0.28,0
-4351.436, 2832.986,  74.849,   5.300, -0.99,  0.23,0
-2032.814, 2081.315, 999.000, 999.000, -0.80,  0.27,0
 2531.441,-2561.149, 999.000, 999.000, -1.06,  0.20,0
-2003.971, 3421.500, 999.000, 999.000, -0.84,  0.27,0
  -55.975,-2583.982,  46.434,   4.670, -1.05,  0.24,0
 4459.979,  509.930, 999.000, 999.000, -0.72,  0.29,0
-4184.016, 2757.166, 999.000, 999.000, -0.90,  0.22,0
 4492.792, 1327.771, -29.320,   5.580, -1.21,  0.20,0
 1025.479,-3555.272,  25.284,   4.050, -1.41,  0.21,0
-4336.603, -288.194, 999.000, 999.000, -1.02,  0.25,0
  460.532, 2683.769, 999.000, 999.000, -0.83,  0.28,0
 3314.906, 3730.289, 999.000, 999.000, -1.45,  0.24,0
-4945.723, -327.772, 999.000, 999.000, -0.62,  0.26,0
  425.289, 4887.081, 999.000, 999.000, -1.10,  0.24,0
-1837.426,  433.517, 999.000, 999.000, -0.83,  0.23,0
  565.938, 2142.904, 999.000, 999.000, -0.90,  0.27,0
 -617.248,  -70.041, 999.000, 999.000, -0.69,  0.21,0
-1057.651,  149.543, 999.000, 999.000, -0.83,  0.25,0
 -438.229, -819.504, -45.150,   4.160, -0.70,  0.24,0
  879.011,    9.739, 999.000, 999.000, -0.91,  0.23,0
 3271.797, 2997.944, 999.000, 999.000, -0.66,  0.22,0
 4807.313, 2469.927, 999.000, 999.000, -0.85,  0.28,0
 3040.400, -986.313,-117.644,   2.310, -0.66,  0.24,0
-3688.482,-2688.484, 999.000, 999.000, -0.86,  0.21,0
-1796.879, 2443.567, 999.000, 999.000, -0.57,  0.24,0
-3903.911,-1955.559, 999.000, 999.000, -1.39,  0.29,0
 3630.562,  166.402, 999.000, 999.000, -0.66,  0.30,0
-2836.185, 1415.203, 999.000, 999.000, -0.85,  0.21,0
-2932.309, 4076.096, 999.000, 999.000, -0.81,  0.25,0
 2093.814, 2391.649,  66.121,   3.090, -0.71,  0.28,0
-4328.933,  488.305, 999.000, 999.000, -0.83,  0.30,0
-2977.742, 3398.680, 999.000, 999.000, -0.78,  0.21,0
  454.503, 3224.911, 999.000, 999.000, -0.60,  0.26,0
 2022.369,-1875.462, 999.000, 999.000, -0.92,  0.24,0
 4371.213, 4201.136,  42.577,   3.020, -0.94,  0.26,0
-3487.393, 4283.816,  -4.695,   4.010, -0.88,  0.27,0
 3771.817,-3237.072, 999.000, 999.000, -0.69,  0.29,0
 3541.565, -738.219, 999.000, 999.000, -0.56,  0.26,0
-3684.300,-3279.489, 999.000, 999.000, -0.65,  0.24,0
 4877.955, 2322.073, 999.000, 999.000, -0.76,  0.28,0
  917.759,-3465.241, 999.000, 999.000, -1.10,  0.22,0
 1809.677,-2289.983, 999.000, 999.000, -0.97,  0.28,0
-1183.980,-1971.989, -23.993,   4.220, -0.96,  0.22,0
  -95.148, 4010.647, 999.000, 999.000, -0.58,  0.21,0
-4952.842,-1999.713, 999.000, 999.000, -0.37,  0.26,0
 1662.499,-4524.812, 999.000, 999.000, -0.39,  0.26,0
-3685.729,-4199.665,  -6.526,   4.570, -0.49,  0.23,0
-2579.937, 2633.146, 999.000, 999.000, -0.75,  0.24,0
 2882.245, 3040.634, 999.000, 999.000, -1.26,  0.27,0
-4169.663,   18.049, 999.000, 999.000, -0.59,  0.21,0
 -610.093, 4558.511, 999.000, 999.000, -0.48,  0.21,0
 -880.942, 4676.671, 999.000, 999.000, -1.11,  0.21,0
-2421.788, 1808.840, 999.000, 999.000, -0.99,  0.27,0
-2904.987, 1810.055,  -5.216,   4.900, -1.14,  0.21,0
-1769.105, 4109.854, 999.000, 999.000, -0.59,  0.24,0
-1106.565, 1469.842, 999.000, 999.000, -0.73,  0.22,0
 1254.052, 1120.669, 999.000, 999.000, -1.08,  0.28,0
 2243.817, 1373.461, 999.000, 999.000, -1.20,  0.27,0
 3150.829, 2215.638, 999.000, 999.000, -1.07,  0.29,0
-2041.322,  999.747,-140.702,   4.930, -1.11,  0.23,0
-3203.222,-3043.941,  18.882,   5.350, -1.08,  0.25,0
 2241.820,-2695.315, -26.285,   4.230, -0.71,  0.20,0
 1141.748, 2638.760, 999.000, 999.000, -0.34,  0.23,0
 2345.378, 4049.361,  12.602,   6.060, -0.95,  0.25,0
 1991.706,-2284.803, 999.000, 999.000, -1.01,  0.26,0
 4342.911, 1105.780, 999.000, 999.000, -0.87,  0.22,0
 3151.949, 3076.958, 999.000, 999.000, -0.78,  0.22,0
-4954.357, 4867.121, 999.000, 999.000, -0.48,  0.21,0
 3761.913,-2995.613, 999.000, 999.000, -0.72,  0.24,0
 -833.815, 4302.935,-103.017,   4.540, -1.14,  0.30,0
-3312.370,    8.694, 999.000, 999.000, -0.84,  0.24,0
 2327.895,-4774.849, 999.000, 999.000, -0.39,  0.24,0
-1547.763,-3917.616, 999.000, 999.000, -0.67,  0.21,0
 4393.572,  176.548, 999.000, 999.000, -0.64,  0.26,0
-4576.334, 2537.828, 999.000, 999.000, -0.67,  0.24,0
-3142.032,-2941.967, 999.000, 999.000, -0.73,  0.28,0
-2005.244,-4387.430, 999.000, 999.000, -0.75,  0.24,0
 -796.098,-1118.656, 999.000, 999.000, -1.25,  0.25,0
-3031.296, 2893.781, -81.336,   4.800, -0.70,  0.23,0
-1466.370,-2690.727, 999.000, 999.000, -0.88,  0.23,0
-2759.129, 2880.758, 107.919,   4.470, -1.21,  0.21,0
 3940.000,-3800.028,  35.191,   4.230, -0.56,  0.27,0
 4777.392, 1201.822, 999.000, 999.000, -0.88,  0.28,0
  512.772,-4925.873, 999.000, 999.000, -0.80,  0.21,0
-3344.684, 2784.825, -35.102,   4.870, -1.00,  0.23,0
 4707.409,-3999.591, 999.000, 999.000, -0.67,  0.24,0
 2520.544,  680.600, -57.532,   4.120, -0.51,  0.29,0
  513.740, 4794.559, 999.000, 999.000, -0.77,  0.20,0
 1138.210,-2403.337, 999.000, 999.000, -1.02,  0.23,0
 3222.294,  385.827, 999.000, 999.000, -1.01,  0.27,0
 4739.583,-3829.470, 999.000, 999.000, -1.20,  0.26,0
-4226.422,-3655.315, 999.000, 999.000, -0.75,  0.27,0
 4191.170, 1493.623, 999.000, 999.000, -0.71,  0.23,0
 4382.840, 1415.037, 999.000, 999.000, -0.84,  0.21,0
 1259.345, 4265.243, 999.000, 999.000, -0.53,  0.23,0
-3417.204,-1630.500, 999.000, 999.000, -0.65,  0.24,0
 3729.494, -686.215, 999.000, 999.000, -0.98,  0.23,0
-4351.499, 2268.270, 999.000, 999.000, -0.47,  0.29,0
-4221.794, -541.447, 999.000, 999.000, -0.56,  0.20,0
-2474.768,-1012.560,-104.509,   5.480, -1.04,  0.22,0
 4662.708, 3751.635, 999.000, 999.000, -0.93,  0.23,0
 1137.631, 3004.879, 999.000, 999.000, -1.08,  0.25,0
 4889.554, -688.532, 999.000, 999.000, -0.50,  0.25,0
 2732.240,-3326.161, 999.000, 999.000, -0.53,  0.21,0
-1276.562,-2283.679, 999.000, 999.000, -0.41,  0.25,0
 -111.413,-3372.185, 999.000, 999.000, -1.22,  0.28,0
-1527.818,  538.682, 999.000, 999.000, -0.81,  0.29,0
 4896.138, 2840.761, 999.000, 999.000, -0.43,  0.29,0
 1836.889, -252.221, 999.000, 999.000, -0.93,  0.26,0
 3280.925, -917.308, 999.000, 999.000, -0.85,  0.23,0
-3782.785, 3858.795, 999.000, 999.000, -1.12,  0.29,0
 2828.612, -316.964, 999.000, 999.000, -0.80,  0.22,0
 3229.224,-2286.026, 999.000, 999.000, -1.01,  0.29,0
 3074.889,-1938.366, 999.000, 999.000, -0.82,  0.25,0
-4210.021,-3383.064, -48.687,   4.090, -0.55,  0.28,0
-1854.214, -581.201, -46.027,   4.310, -0.74,  0.29,0
 4757.930,-1749.664, 999.000, 999.000, -0.69,  0.25,0
  111.170, 3757.346, 999.000, 999.000, -1.23,  0.26,0
  209.469, 1524.063, 999.000, 999.000, -0.36,  0.26,0
 1565.257,-3846.767, 999.000, 999.000, -1.02,  0.28,0
 4957.539, 4112.184, 999.000, 999.000, -0.91,  0.22,0
-2886.783, 1068.028, -35.209,   4.570, -0.61,  0.23,0
 -253.086, 4394.164, 999.000, 999.000, -0.70,  0.25,0
-1308.286, 4478.443, 999.000, 999.000, -0.59,  0.25,0
 4267.941, -745.163,  39.307,   4.450, -0.77,  0.22,0
-1023.174,-3974.316, 999.000, 999.000, -0.75,  0.24,0
-1215.012,-3329.761, 999.000, 999.000, -1.44,  0.21,0
 2171.153, 2486.699, -24.893,   4.220, -0.47,  0.25,0
 1033.775, -702.390,-158.991,   5.040, -0.52,  0.24,0
  672.814,-3446.653, 999.000, 999.000, -0.37,  0.29,0
-2506.099, 4339.621, -63.126,   3.940, -0.68,  0.21,0
-1764.769, 2048.935,-103.467,   2.470, -0.90,  0.26,0
 2269.363,  126.478, 999.000, 999.000, -0.91,  0.21,0
-1782.245,  826.381, -40.846,   3.420, -0.69,  0.21,0
-4792.167,-2944.626,  -9.692,   4.050, -1.11,  0.23,0
-1377.767, 1032.144, 999.000, 999.000, -0.86,  0.28,0
 -789.140,  411.527, 999.000, 999.000, -1.00,  0.21,0
  656.074, 4681.838, 999.000, 999.000, -0.95,  0.24,0
-3670.818, 3303.459, -59.731,   2.920, -1.05,  0.22,0
-1583.140, 1787.419, 999.000, 999.000, -1.06,  0.28,0
  212.172, 3389.905, 999.000, 999.000, -1.07,  0.23,0
-3711.685,-2761.959, -32.762,   3.880, -0.86,  0.30,0
-1875.283, 4579.015,  18.191,   3.050, -0.88,  0.28,0
 2027.674,-3515.338, 999.000, 999.000, -0.89,  0.20,0
  317.540, 4750.745, 999.000, 999.000, -0.64,  0.28,0
-1194.014, 2368.614, 999.000, 999.000, -0.83,  0.28,0
  193.415, 1872.480,  13.724,   5.460, -0.93,  0.28,0
 3419.022,  574.080, 999.000, 999.000, -0.79,  0.29,0
 3569.363, 2173.120, 999.000, 999.000, -0.82,  0.26,0
-1656.782,   48.763, 999.000, 999.000, -0.97,  0.26,0
-4769.244, 3340.898, 999.000, 999.000, -0.97,  0.26,0
-1130.000, 2588.618, 999.000, 999.000, -0.57,  0.24,0
 2761.757,-1722.298,   8.544,   4.540, -0.60,  0.22,0
-1598.375,-4355.429,   0.705,   4.220, -0.85,  0.28,0
 4041.520, 2841.894, 999.000, 999.000, -0.56,  0.30,0
 4398.860,-2366.246, 999.000, 999.000, -1.07,  0.24,0
-1119.431, 1945.899, 999.000, 999.000, -1.03,  0.29,0
 1425.037,-4732.999, 999.000, 999.000, -0.66,  0.21,0
  463.488, 4005.159, -74.151,   4.030, -0.54,  0.21,0
-4492.094, 1927.820, 999.000, 999.000, -0.96,  0.27,0
-2411.573, -525.723, -96.607,   5.920, -0.67,  0.26,0
 4459.742, 3553.185,-119.539,   4.400, -0.51,  0.26,0
  248.575,-1663.620, 999.000, 999.000, -0.74,  0.24,0
  -99.767,-1712.173, -37.837,   4.040, -0.94,  0.29,0
-1662.469, 1367.384, 999.000, 999.000, -0.50,  0.23,0
 4702.798, 3339.483, 999.000, 999.000, -0.48,  0.28,0
  660.401,-3442.015, 999.000, 999.000, -1.08,  0.26,0
-3726.919,-3776.545, 999.000, 999.000, -1.10,  0.26,0
 1015.539, 2039.582, 999.000, 999.000, -0.98,  0.21,0
 2370.020, 4695.447, 999.000, 999.000, -0.28,  0.27,0
 4032.683, -289.286, -72.157,   4.430, -1.00,  0.30,0
-3917.023,-3409.791, 999.000, 999.000, -0.86,  0.20,0
-1807.796, 3028.297, 999.000, 999.000, -0.93,  0.27,0
-2407.209,-1123.630, 999.000, 999.000, -0.31,  0.23,0
-2201.663, 3602.487, 999.000, 999.000, -1.00,  0.29,0
 2883.471, 3268.982, 999.000, 999.000, -0.64,  0.27,0
 4335.109, 4734.139, 999.000, 999.000, -0.33,  0.30,0
-3868.530,-2763.537, 999.000, 999.000, -1.14,  0.23,0
-3871.652,-1816.922, 999.000, 999.000, -0.82,  0.23,0
 4556.972,  207.345,  21.698,   4.680, -1.22,  0.29,0
 3686.339, 2018.356, 999.000, 999.000, -0.60,  0.21,0
 1824.040,-1481.623, 999.000, 999.000, -0.65,  0.23,0
 -646.265, -627.945, 999.000, 999.000, -0.60,  0.26,0
-3116.685, -864.199, 999.000, 999.000, -1.09,  0.26,0
 2971.903,-2248.553, 999.000, 999.000, -1.06,  0.24,0
-1117.604, 2572.008, 999.000, 999.000, -0.55,  0.28,0
  131.727, -546.248, -73.380,   4.380, -0.90,  0.21,0
 3136.775,-4288.217, 999.000, 999.000, -0.62,  0.29,0
-4319.193, 1800.778, 999.000, 999.000, -0.90,  0.27,0
 1651.472, -567.686, 999.000, 999.000, -1.11,  0.28,0
-1004.482, 1366.886, 999.000, 999.000, -0.44,  0.23,0
-3276.878,-4380.724, 999.000, 999.000, -0.95,  0.25,0
 3389.946,-2311.223, 999.000, 999.000, -0.44,  0.27,0
 4034.109,-2513.178, -59.714,   4.000, -0.80,  0.24,0
-2403.043, -788.211, 999.000, 999.000, -0.83,  0.22,0
-1569.378,-1797.277, 999.000, 999.000, -0.86,  0.22,0
-4364.011, 3348.372, -50.562,   5.340, -0.92,  0.25,0
 1894.946, 3180.770, 999.000, 999.000, -0.70,  0.24,0
-2993.354,-4152.922, 999.000, 999.000, -0.22,  0.29,0
-2618.035,-2779.406, -31.018,   3.410, -0.62,  0.28,0
-4050.310,-1529.451, 999.000, 999.000, -1.15,  0.22,0
 3403.281, 1247.616, 999.000, 999.000, -0.77,  0.29,0
  257.581, 3461.554, 999.000, 999.000, -0.59,  0.29,0
 2008.843,-4389.927, 999.000, 999.000, -0.53,  0.27,0
-3993.506,-2525.132, 999.000, 999.000, -0.98,  0.24,0
 1854.377, 2624.949, -13.205,   4.200, -0.54,  0.25,0
-2000.118, 4551.025,  13.180,   4.150, -1.00,  0.21,0
 1269.536, 4310.729, 999.000, 999.000, -0.77,  0.21,0
-3013.726, 3155.738, 999.000, 999.000, -0.70,  0.22,0
-2809.111, 4172.406, 999.000, 999.000, -1.01,  0.21,0
-4844.790, -892.264, 999.000, 999.000, -0.77,  0.27,0
-3814.125, 1965.309, 999.000, 999.000, -0.30,  0.28,0
-2832.208,-1395.167, 999.000, 999.000, -0.07,  0.26,0
 2826.775, 4630.607, 999.000, 999.000,  0.09,  0.26,0
-2094.779, 2858.543,  -9.407,   3.780, -0.52,  0.21,0
  -61.066, -938.661, 999.000, 999.000, -1.04,  0.30,0
-3509.080,-1894.606, 999.000, 999.000, -0.32,  0.26,0
  232.270,  839.646, 999.000, 999.000, -1.33,  0.20,0
 4303.959,  797.479, 999.000, 999.000, -1.03,  0.26,0
-1687.571,-3098.787, 999.000, 999.000, -0.45,  0.26,0
 2660.059, 3274.791, 999.000, 999.000, -0.47,  0.29,0
  976.196, 2836.130, 999.000, 999.000, -0.42,  0.20,0
  106.989,-3752.397, 999.000, 999.000, -0.94,  0.30,0
 3477.437,-4926.096, 999.000, 999.000, -0.82,  0.24,0
-1133.297, 2926.778, 999.000, 999.000, -1.19,  0.23,0
 -203.513, 1742.516, 999.000, 999.000, -1.25,  0.22,0
 4450.338,-1133.309, 999.000, 999.000, -0.55,  0.24,0
-3261.677,-2728.902, 999.000, 999.000, -0.83,  0.25,0
 3705.511,-2734.326, 999.000, 999.000, -1.10,  0.21,0
-3689.666, -227.019, 999.000, 999.000, -0.84,  0.21,0
-2285.118, 2793.345, 999.000, 999.000, -1.36,  0.24,0
 2543.789,-3370.203, 999.000, 999.000, -0.55,  0.27,0
 2424.837, 3907.598, 999.000, 999.000, -1.15,  0.29,0
 1659.629, 2176.468,  26.204,   4.160, -1.18,  0.25,0
-2051.646,  -17.969, 999.000, 999.000, -1.04,  0.22,0
   74.260, 3058.364, -82.655,   4.860, -0.67,  0.21,0
-3401.811, 4177.595, 999.000, 999.000, -0.64,  0.30,0
 4500.753,-4582.264, 999.000, 999.000, -0.75,  0.23,0
 2428.736,-2660.110, 999.000, 999.000, -0.76,  0.23,0
-4879.278, 3119.960, 999.000, 999.000, -0.85,  0.29,0
 1068.742,  806.603, 999.000, 999.000, -1.16,  0.27,0
-2508.141,-2814.596, 999.000, 999.000, -1.00,  0.22,0
 3192.986, -315.440, 999.000, 999.000, -0.87,  0.24,0
 1403.322, 1927.226,  89.225,   5.260, -0.80,  0.28,0
-4157.891,-2580.959, 999.000, 999.000, -0.36,  0.28,0
 -262.180,-2335.248, 999.000, 999.000, -0.51,  0.24,0
-3049.885,-2329.349, 999.000, 999.000, -0.51,  0.21,0
  429.995,-3458.501, 999.000, 999.000, -0.86,  0.20,0
 4494.799, -798.302, 999.000, 999.000, -0.54,  0.29,0
 1402.425,-2679.654, 999.000, 999.000, -0.56,  0.30,0
  255.665,   75.479, 999.000, 999.000, -0.54,  0.21,0
  283.586, 2792.433, -33.969,   6.060, -0.54,  0.27,0
-1277.850,-2140.164, 113.567,   4.860, -0.65,  0.27,0
 1832.515,-2104.217, 999.000, 999.000, -0.62,  0.29,0
 2474.842,-2249.533, 999.000, 999.000, -1.48,  0.27,0
 -448.256, 4771.309, 999.000, 999.000, -1.12,  0.29,0
 3716.818, 3976.014, -35.850,   4.750, -0.63,  0.23,0
 1291.510, 1390.404,  17.822,   4.410, -0.64,  0.26,0
 4413.880,-4060.782, 999.000, 999.000, -0.76,  0.25,0
 3280.819,   24.439, 999.000, 999.000, -0.66,  0.24,0
-4586.015,-1318.697, 999.000, 999.000, -0.52,  0.27,0
 3671.061, -523.527, 999.000, 999.000, -1.04,  0.25,0
-4223.340, 3905.832, 999.000, 999.000, -0.99,  0.24,0
 2382.646,  463.333, 999.000, 999.000, -0.12,  0.26,0
 -215.774,  958.667, 999.000, 999.000, -0.92,  0.26,0
 -472.567,-2686.336,  24.361,   5.300, -0.66,  0.28,0
 2765.134,-3935.208, 999.000, 999.000, -0.57,  0.23,0
-4089.101, 4585.881, -40.591,   6.640, -0.49,  0.27,0
  359.547,  -89.310, 999.000, 999.000, -1.02,  0.29,0
   86.705,-4862.702, 999.000, 999.000, -0.67,  0.27,0
-2990.502, 1594.361, 999.000, 999.000, -1.03,  0.23,0
 -602.378,-4813.550, 999.000, 999.000, -0.79,  0.21,0
-4851.774, 2167.925, 999.000, 999.000, -0.58,  0.28,0
-3425.728,  190.628, 999.000, 999.000, -0.88,  0.28,0
-2291.769,-2850.012, 999.000, 999.000, -0.99,  0.26,0
-3821.226,-2275.743, 999.000, 999.000, -0.53,  0.25,0
 1199.249,-2844.655, 999.000, 999.000, -0.75,  0.26,0
 3929.861, 1607.233, 999.000, 999.000, -0.96,  0.24,0
 4853.633, 1622.336, 999.000, 999.000, -1.01,  0.29,0
 -626.242,-1879.721, 999.000, 999.000, -0.86,  0.24,0
-1405.596,-1531.018, 999.000, 999.000, -0.91,  0.26,0
-2696.023,  238.915, 999.000, 999.000, -0.56,  0.26,0
 1167.375, -814.433, 999.000, 999.000, -1.07,  0.26,0
-4655.942, 4262.623, 999.000, 999.000, -0.54,  0.22,0
-4999.750, 1015.383,-126.092,   4.040, -0.68,  0.29,0
  591.301,-3505.871, 999.000, 999.000, -0.94,  0.29,0
 3412.872, 2839.293,  -7.258,   3.880, -0.55,  0.26,0
 2049.960,  367.551, 999.000, 999.000, -0.50,  0.25,0
-2135.420, 4188.545,  10.001,   5.190, -0.46,  0.23,0
 1980.962, 4224.457, -11.599,   3.000, -0.70,  0.24,0
 2799.395,-4786.287, 999.000, 999.000, -1.09,  0.29,0
 3687.070,-4496.669,  64.784,   4.310, -1.11,  0.27,0
-4387.656,-2687.938, 999.000, 999.000, -0.81,  0.27,0
-4645.015, 3727.059, 999.000, 999.000, -1.55,  0.25,0
 4585.001, 2233.893, 999.000, 999.000, -0.61,  0.25,0
-3349.680, 4702.203, 999.000, 999.000, -0.96,  0.21,0
-3283.001,-4212.837, -39.570,   6.030, -0.35,  0.27,0
 -448.688, 3674.871, 999.000, 999.000, -0.62,  0.29,0
 3572.052, 2015.408, 999.000, 999.000, -1.09,  0.30,0
 3843.442, -969.976, 999.000, 999.000, -1.53,  0.27,0
-3472.996, 2953.129, -23.946,   4.650, -0.48,  0.23,0
 1577.331, 3966.148, -42.722,   4.680, -0.55,  0.30,0
 -893.315,-4256.338, 999.000, 999.000, -0.62,  0.28,0
 -465.017, -825.526, 999.000, 999.000, -0.93,  0.21,0
-1723.743,  -16.286, 999.000, 999.000, -0.42,  0.21,0
-4122.406, 4052.152, 999.000, 999.000, -0.83,  0.20,0
-1341.712, 2237.431, 999.000, 999.000, -0.39,  0.26,0
-4581.350,-2027.998, 999.000, 999.000, -1.23,  0.26,0
-4520.192,-4158.259, 999.000, 999.000, -0.81,  0.24,0
-4215.334,-4925.417, 999.000, 999.000, -1.14,  0.22,0
 1743.443, 1752.112, 999.000, 999.000, -1.09,  0.21,0
-4087.137, 1649.544, 999.000, 999.000, -1.03,  0.26,0
 4238.731,-4129.192, -33.764,   6.060, -0.84,  0.26,0
 2354.228, 4433.958, 999.000, 999.000, -0.87,  0.24,0
-4755.215,-2796.050, 999.000, 999.000, -0.67,  0.24,0
 2377.424,-3856.521, 999.000, 999.000, -0.95,  0.26,0
 4296.333, 4394.439, 999.000, 999.000, -0.98,  0.24,0
-3152.853,-3056.770, 999.000, 999.000, -1.06,  0.23,0
-2038.005,  827.003, 999.000, 999.000, -1.14,  0.21,0
 3852.059,-4689.875, 999.000, 999.000, -0.15,  0.21,0
  332.723,-2862.503, 999.000, 999.000, -0.54,  0.29,0
-3951.763, 4763.832, -95.166,   3.420, -0.64,  0.24,0
  884.260,  223.019, 999.000, 999.000, -0.73,  0.26,0
-1826.377,-2237.503, 999.000, 999.000, -1.18,  0.20,0
 3470.154,-4635.175,  23.796,   4.670, -0.54,  0.25,0
 2197.500, -423.492, 999.000, 999.000, -0.89,  0.27,0
-1948.540,-1221.453,   1.668,   6.490, -0.79,  0.22,0
-3215.569, 4711.720, 999.000, 999.000, -0.76,  0.26,0
 -223.999, 1425.139,  72.192,   3.050, -0.70,  0.27,0
 3265.371,  953.996, 999.000, 999.000, -1.30,  0.28,0
 3955.923,-3365.807,  23.476,   5.670, -0.54,  0.26,0
 4322.728,-2703.187, 999.000, 999.000, -0.81,  0.22,0
-2658.852,  324.798, 999.000, 999.000, -1.02,  0.30,0
 -489.768, 4346.606, 999.000, 999.000, -1.31,  0.27,0
 3264.529, 2388.093, 999.000, 999.000, -1.14,  0.22,0
-3027.764, -500.589, 999.000, 999.000, -1.19,  0.22,0
-3319.906,-4665.445, 999.000, 999.000, -1.09,  0.24,0
 1326.289,-3583.026, 999.000, 999.000, -0.91,  0.23,0
 1570.333,  933.425, 999.000, 999.000, -0.81,  0.25,0
-2484.116,-2025.384, 999.000, 999.000, -0.91,  0.21,0
 4862.358,  164.514, 999.000, 999.000, -0.86,  0.22,0
-2209.706,  923.373, 999.000, 999.000, -0.82,  0.29,0
 2195.531,  294.791, 999.000, 999.000, -1.34,  0.23,0
-4039.719,-2270.969, 999.000, 999.000, -1.08,  0.28,0
-1156.988,-1312.878, 999.000, 999.000, -0.50,  0.27,0
  744.590,-1698.809, 999.000, 999.000, -0.83,  0.23,0
 1930.440, 3686.113, -33.973,   2.430, -0.33,  0.23,0
-3918.676,-1757.260, 999.000, 999.000, -1.14,  0.27,0
 1969.771,-3964.575, 999.000, 999.000, -0.40,  0.22,0
-2468.068, 1005.807, 999.000, 999.000, -0.59,  0.30,0
-2669.971,-3037.841, -34.395,   4.960, -0.68,  0.26,0
-4964.812, -322.936, 999.000, 999.000, -0.24,  0.26,0
-4682.063,  909.219, 999.000, 999.000, -1.10,  0.26,0
 4227.962, 4234.116, 999.000, 999.000, -0.75,  0.24,0
-3913.246, 4223.699, 999.000, 999.000, -1.11,  0.22,0
 2062.147, -202.109, 999.000, 999.000, -0.72,  0.22,0
 1755.761,-4856.083, 999.000, 999.000, -0.61,  0.30,0
 1562.384,-2755.819,  91.992,   4.560, -0.93,  0.23,0
-3991.016,-1560.961, 999.000, 999.000, -0.43,  0.29,0
-2254.472, 3211.421,  68.676,   4.630, -0.67,  0.24,0
