X_pc,Y_pc,vr,d_vr,FeH,d_FeH,flag
  -34.935, -124.686,  -9.182,   4.840, -1.17,  0.26,1
 -141.121,    7.014, -10.316,   5.350, -1.44,  0.22,1
 -109.581,   26.449, -27.937,   4.680, -1.43,  0.29,1
 -206.271,  100.851, 999.000, 999.000, -1.33,  0.29,1
 -279.448,   31.674, 999.000, 999.000, -1.34,  0.22,1
 -276.430, -113.700, 999.000, 999.000, -1.60,  0.22,1
 -339.866,   46.118, 999.000, 999.000, -2.22,  0.20,1
 -124.617, -100.129, -19.310,   4.000, -1.85,  0.24,1
  -61.851,   -7.209, 999.000, 999.000, -1.55,  0.22,1
 -146.220,    7.581, 999.000, 999.000, -2.17,  0.30,1
  -46.132,  -93.758, 999.000, 999.000, -1.96,  0.23,1
 -165.269,  -19.137, 999.000, 999.000, -1.61,  0.28,1
 -276.358, -191.594, 999.000, 999.000, -1.42,  0.29,1
  -81.112,  -63.227, -21.118,   3.870, -1.72,  0.26,1
  -46.959,  -68.829, 999.000, 999.000, -1.43,  0.26,1
 -299.983,   11.692, 999.000, 999.000, -1.83,  0.21,1
 -307.369,   28.533, 999.000, 999.000, -1.45,  0.20,1
  -73.761,  -26.696, 999.000, 999.000, -1.87,  0.28,1
 -224.776,    1.636, 999.000, 999.000, -2.04,  0.20,1
 -131.441,   85.170, 999.000, 999.000, -1.57,  0.22,1
 -208.465, -131.753, 999.000, 999.000, -1.47,  0.21,1
 -116.654,  -14.563, 999.000, 999.000, -1.15,  0.27,1
 -200.973,  -64.917, 999.000, 999.000, -1.71,  0.28,1
 -208.899, -143.477, 999.000, 999.000, -1.80,  0.27,1
 -186.489, -113.785,  -9.508,   4.220, -1.45,  0.24,1
 -101.405, -119.437, 999.000, 999.000, -1.34,  0.22,1
 -168.865,   10.411, -17.395,   6.060, -1.85,  0.22,1
 -107.252,  -42.552, 999.000, 999.000, -0.99,  0.23,1
  -14.936,  -51.665, 999.000, 999.000, -1.54,  0.22,1
 -240.302,  -40.540, 999.000, 999.000, -1.87,  0.24,1
 -182.414,  -22.948, 999.000, 999.000, -1.86,  0.21,1
 -118.921,   -9.877, 999.000, 999.000, -1.31,  0.29,1
 -275.990, -143.752, 999.000, 999.000, -1.19,  0.28,1
 -309.280,   36.207, 999.000, 999.000, -2.14,  0.29,1
    3.672, -120.097, 999.000, 999.000, -1.22,  0.26,1
 -201.873,    3.573, 999.000, 999.000, -1.71,  0.27,1
 -141.847,  -59.519, 999.000, 999.000, -0.89,  0.30,1
 -168.295,   11.775, 999.000, 999.000, -1.53,  0.27,1
 -284.049, -139.698, 999.000, 999.000, -1.60,  0.25,1
 -201.685, -197.410, 999.000, 999.000, -1.91,  0.21,1
  -31.503,  -69.104, 999.000, 999.000, -1.84,  0.22,1
 -224.437,  -66.218,  -4.288,   4.170, -2.15,  0.28,1
 -171.810, -103.800, 999.000, 999.000, -1.48,  0.24,1
  -24.268,  139.088,  -1.255,   5.100, -1.14,  0.28,1
 -214.796,  132.969, 999.000, 999.000, -1.19,  0.27,1
 -204.409,   17.991, 999.000, 999.000, -1.64,  0.23,1
 -241.083,  -32.037, -19.402,   4.640, -1.05,  0.21,1
 -110.414,  -39.408, 999.000, 999.000, -1.58,  0.27,1
  -73.412,  -45.706, -24.702,   5.190, -1.36,  0.23,1
-2585.902, 4143.733, 999.000, 999.000, -0.47,  0.29,0
 -990.112,-4730.994, 999.000, 999.000, -0.92,  0.25,0
 1432.096, 3592.044, 999.000, 999.000, -0.63,  0.24,0
-1190.021, 1615.277, 999.000, 999.000, -0.70,  0.23,0
 3360.616,-1429.851, 999.000, 999.000, -0.38,  0.29,0
 3502.725, 2857.394,-100.837,   6.130, -0.55,  0.21,0
  879.807, 2881.394, 999.000, 999.000, -0.14,  0.26,0
-3393.577,-4456.330, -85.244,   4.670, -0.73,  0.29,0
-4647.967, -699.084, 999.000, 999.000, -0.74,  0.23,0
 3525.828, 3268.288, 999.000, 999.000, -0.68,  0.23,0
-4743.300,-4225.257, 999.000, 999.000, -0.19,  0.27,0
 -514.341,-4758.782, 999.000, 999.000, -0.85,  0.26,0
 3368.116,-1537.049, 999.000, 999.000,  0.11,  0.26,0
-3592.389,-3830.433, 999.000, 999.000, -0.72,  0.28,0
-1441.403, 4843.712, 999.000, 999.000, -0.39,  0.26,0
-4103.060, 2077.376, 999.000, 999.000, -0.58,  0.22,0
-4669.356, 3726.925, 999.000, 999.000, -0.49,  0.21,0
-4328.519,  259.273, 999.000, 999.000, -0.22,  0.24,0
 2507.657,-1230.311, -32.108,   3.840, -0.57,  0.28,0
 3052.083,-4753.149, 999.000, 999.000, -0.71,  0.29,0
 2345.427, 3050.618, 999.000, 999.000, -0.86,  0.22,0
-4829.518, 2424.844, -25.963,   3.870, -0.42,  0.22,0
-2394.096,-3511.467, 999.000, 999.000, -0.37,  0.24,0
 2903.423, 1827.149, 999.000, 999.000, -0.47,  0.25,0
 3561.688,-4160.539, 999.000, 999.000, -0.51,  0.29,0
 4456.559,-4802.120, 999.000, 999.000, -0.60,  0.28,0
-3058.283,-4933.716, 999.000, 999.000, -0.26,  0.23,0
 3471.446, 4493.240, 999.000, 999.000, -0.90,  0.21,0
-2066.791, 2025.095, -67.772,   3.840, -0.34,  0.28,0
-3678.526,-4628.146,  -1.360,   4.800, -0.45,  0.22,0
  651.510, 1407.949, -36.815,   4.100, -0.30,  0.23,0
 -339.399,  206.208, 999.000, 999.000, -0.88,  0.30,0
-3397.967,-1475.379, 999.000, 999.000, -0.64,  0.26,0
  -34.429,-4114.640,-111.114,   6.180, -0.78,  0.22,0
  166.136,  871.613, 999.000, 999.000, -0.52,  0.23,0
 2811.460, 4454.461, 999.000, 999.000, -0.10,  0.21,0
 3355.495,-2909.370, -59.787,   5.520, -0.48,  0.24,0
  615.373,   87.978, -13.536,   2.840, -0.83,  0.21,0
-4614.523,   87.695, 999.000, 999.000, -0.45,  0.21,0
 -732.393,-4089.751, 999.000, 999.000, -0.70,  0.23,0
 4482.481, 2914.938, 999.000, 999.000, -0.54,  0.28,0
 3593.834,-3194.345, 999.000, 999.000, -0.42,  0.24,0
 1353.822, 4443.181, 999.000, 999.000, -0.53,  0.20,0
 4206.799,-3767.373, 999.000, 999.000, -0.67,  0.23,0
 2996.855, 4258.938,-190.234,   5.990, -0.74,  0.24,0
-1513.485,-4978.619, 999.000, 999.000,  0.02,  0.27,0
  164.119, 4641.274, 999.000, 999.000, -0.89,  0.21,0
-3568.700, 1067.278, -42.043,   4.160, -0.53,  0.21,0
 4104.542,-1215.610, -25.521,   3.970, -0.81,  0.30,0
-1982.502, -236.835, 999.000, 999.000, -0.79,  0.25,0
 4498.374,  120.645, 999.000, 999.000, -0.64,  0.28,0
 3558.995, 2956.333, 999.000, 999.000, -0.35,  0.29,0
 3617.015, 1505.864, 999.000, 999.000, -0.92,  0.24,0
   62.359,-2969.729, 999.000, 999.000, -0.96,  0.22,0
 -680.494,-4071.684, -78.890,   4.650, -0.43,  0.21,0
  390.515, 3108.602, 999.000, 999.000, -0.30,  0.21,0
-1729.665, 4561.025, 999.000, 999.000, -0.26,  0.24,0
 3090.299, 1973.425, 999.000, 999.000, -0.31,  0.23,0
-4490.298, 3475.487, 999.000, 999.000, -0.55,  0.29,0
 3735.208,-1420.992, 999.000, 999.000, -1.05,  0.28,0
 -460.999, 4223.257, 999.000, 999.000, -0.94,  0.29,0
  587.012, 4216.096, -28.393,   4.260, -0.95,  0.26,0
 1240.547, 4906.067, -29.733,   5.040, -0.55,  0.23,0
 1240.870, -787.212, 999.000, 999.000, -1.14,  0.25,0
-2128.453,  690.733, 999.000, 999.000, -0.34,  0.21,0
 3595.827,  238.466, 999.000, 999.000, -0.31,  0.22,0
-2943.937, 2281.895, 999.000, 999.000, -0.50,  0.22,0
 -297.941,-1573.353, 999.000, 999.000, -0.29,  0.23,0
-2949.506,  262.020, 999.000, 999.000, -0.63,  0.24,0
  -61.463,-4788.835, 999.000, 999.000, -0.70,  0.21,0
 -914.091,-3618.374, -75.361,   4.680, -0.80,  0.28,0
-4271.352,-4742.551, 999.000, 999.000, -0.33,  0.26,0
 1383.582,  199.782, 999.000, 999.000, -0.90,  0.22,0
 1573.934,-3925.619, 999.000, 999.000, -0.40,  0.21,0
-2918.323,-1386.899,-103.576,   4.720, -0.36,  0.28,0
-4405.142, 3524.799, 999.000, 999.000, -1.08,  0.22,0
-3109.226,-3274.940, 999.000, 999.000, -1.25,  0.29,0
 4592.055, 3821.570, 999.000, 999.000, -0.59,  0.20,0
 3534.497, 2137.286, 999.000, 999.000, -0.07,  0.24,0
 4913.055, 1377.866, 999.000, 999.000, -0.31,  0.23,0
 1861.414, 3040.690, 999.000, 999.000, -0.37,  0.25,0
 -746.029,-3163.636, 999.000, 999.000, -0.89,  0.27,0
 -484.135,  908.846, 999.000, 999.000, -0.72,  0.25,0
-4604.477, -404.574, 999.000, 999.000, -0.57,  0.28,0
 1181.959, 4116.219,   7.067,   2.310, -0.21,  0.26,0
  912.592, 1817.806, 999.000, 999.000, -0.66,  0.25,0
 -962.769,-4241.323,-108.542,   5.920, -0.55,  0.27,0
 2466.720,-3916.535, 999.000, 999.000, -0.61,  0.20,0
 2500.342, 2135.734, 999.000, 999.000, -1.35,  0.25,0
-4566.838,  311.497, 999.000, 999.000, -0.98,  0.27,0
-1357.091, -985.087, 999.000, 999.000, -0.27,  0.23,0
-1076.104,-2868.478, 999.000, 999.000, -0.27,  0.30,0
-1821.452,-2414.151, 999.000, 999.000, -0.72,  0.23,0
-1735.346, 4021.255, -17.963,   4.560, -1.21,  0.25,0
 1339.083,-4859.149, 999.000, 999.000, -0.64,  0.20,0
-1220.576, 4601.068, 999.000, 999.000, -1.19,  0.30,0
 4037.270,  445.432, 999.000, 999.000, -0.41,  0.24,0
 -746.965, -773.790, 999.000, 999.000, -0.95,  0.27,0
 4312.679, 3680.888, 999.000, 999.000, -0.84,  0.23,0
 4673.912, 1170.249, 999.000, 999.000, -0.86,  0.25,0
-2152.148,  457.283, 999.000, 999.000, -0.30,  0.25,0
  373.168, 1730.349, 999.000, 999.000, -1.01,  0.23,0
 1460.214, 3981.808, 999.000, 999.000, -0.67,  0.23,0
-1167.342,-2068.519, 999.000, 999.000, -0.31,  0.26,0
 3059.814,-2245.549, 999.000, 999.000, -1.07,  0.23,0
-1479.345,-1758.116, 999.000, 999.000, -1.20,  0.25,0
-2295.822,-2459.093, 999.000, 999.000, -0.56,  0.21,0
-1341.394, 1723.619, 999.000, 999.000, -0.99,  0.27,0
  -26.318,  316.341, 999.000, 999.000, -0.84,  0.23,0
-3662.307, 2603.932, 999.000, 999.000, -0.02,  0.26,0
-1865.959,-3093.214, 999.000, 999.000, -0.80,  0.22,0
 4861.142,-1607.051, 999.000, 999.000, -0.06,  0.27,0
-3575.987, 3047.585,-113.770,   4.280, -0.68,  0.29,0
 2106.435, -265.894, 999.000, 999.000, -0.85,  0.27,0
 4557.828, 1904.578, 999.000, 999.000, -0.27,  0.20,0
  436.178, 4246.920, 999.000, 999.000, -0.45,  0.29,0
 4805.161, -605.229, 999.000, 999.000, -0.35,  0.29,0
 3537.878,-3932.291, -32.192,   4.800, -0.93,  0.29,0
 4620.743,-3772.597, 999.000, 999.000, -0.60,  0.22,0
-3312.277,-3611.590, 999.000, 999.000, -0.33,  0.29,0
-1837.462,-3433.842, -37.365,   5.520, -1.21,  0.23,0
-4156.168,-2897.902, -35.568,   4.280, -0.15,  0.23,0
 3031.974,  810.418, -78.052,   5.580, -1.44,  0.26,0
 -782.577,-4926.332, 999.000, 999.000, -0.85,  0.23,0
 -113.442,-2531.771, -23.124,   6.800, -0.76,  0.28,0
 -451.257,-1979.542, 999.000, 999.000, -0.58,  0.29,0
 1555.037,-3257.369, -46.978,   4.160, -0.56,  0.24,0
-4801.436, 3824.477, 999.000, 999.000, -0.73,  0.20,0
 2455.205,  183.911, -96.653,   4.300, -0.65,  0.25,0
 3411.703, 3400.753, 999.000, 999.000, -0.92,  0.29,0
 4792.280,-4938.907, 999.000, 999.000, -0.59,  0.25,0
 3387.443,-2772.998, 999.000, 999.000, -1.17,  0.27,0
 4892.498,-2467.169, 999.000, 999.000, -0.58,  0.26,0
 2583.554,-4588.162, 999.000, 999.000, -0.51,  0.25,0
-3835.091,-1447.695, 999.000, 999.000, -0.58,  0.27,0
 2813.327, 4125.644, 999.000, 999.000, -0.53,  0.29,0
 1684.976, 3534.854, 999.000, 999.000, -0.42,  0.27,0
 -547.850, 2172.773, 999.000, 999.000, -0.63,  0.25,0
-4162.851,  826.007, 999.000, 999.000, -0.82,  0.22,0
 1453.878, 2461.636, 999.000, 999.000, -0.53,  0.27,0
 -683.889, 1387.317, -12.270,   4.570, -1.09,  0.26,0
 1985.278,-3030.982,-129.401,   4.210, -0.23,  0.26,0
-4091.114,-3678.313, 999.000, 999.000, -0.90,  0.28,0
  491.773,-3591.066, 999.000, 999.000, -0.78,  0.21,0
-1705.305,  273.022, 999.000, 999.000, -0.44,  0.25,0
 1566.570,-3592.704, -37.646,   4.530, -1.35,  0.23,0
 -865.657,  771.562, 999.000, 999.000,  0.17,  0.25,0
 2175.754,-1062.058, 999.000, 999.000, -1.08,  0.24,0
 -979.113, 2914.200, 999.000, 999.000, -0.52,  0.22,0
-1620.263, -403.905, 999.000, 999.000, -0.73,  0.28,0
-3297.260, 3573.938, 999.000, 999.000, -0.62,  0.29,0
 1130.199, 3085.405,  15.306,   2.980, -0.09,  0.22,0
 -918.986, 3161.323, -63.205,   4.670, -0.39,  0.20,0
  460.106, 2804.515, 999.000, 999.000, -0.46,  0.28,0
-4622.733,  149.974, 999.000, 999.000, -0.99,  0.30,0
-1333.587,-3979.178, -77.353,   3.240, -1.02,  0.23,0
-1338.438, -945.258, 999.000, 999.000, -0.76,  0.26,0
  438.615,-1960.612, 999.000, 999.000, -0.85,  0.25,0
 -178.173, 4393.030, 999.000, 999.000, -0.18,  0.29,0
  214.460, -572.303, 999.000, 999.000, -0.14,  0.29,0
 3288.643,  384.874, -59.899,   6.140, -0.42,  0.23,0
 4710.083,-1899.821, 999.000, 999.000, -0.95,  0.21,0
 1377.177,-3091.281,   7.487,   4.400, -0.12,  0.26,0
-1119.318,  475.664, 999.000, 999.000, -0.35,  0.28,0
 4664.553,  762.593, 999.000, 999.000, -0.52,  0.25,0
 3807.839, 3603.822, -77.913,   4.430, -0.44,  0.24,0
 3104.448, -398.462, 999.000, 999.000, -0.82,  0.28,0
-1437.905, 1295.287, 999.000, 999.000, -1.07,  0.24,0
 3769.227,-3829.186, 999.000, 999.000, -1.05,  0.21,0
-1141.549, -724.299, 999.000, 999.000, -0.37,  0.24,0
 3699.948,  916.792, 999.000, 999.000, -0.72,  0.25,0
 4512.639, 4682.236, 999.000, 999.000, -0.89,  0.24,0
-4716.877, 1768.188, 999.000, 999.000, -0.40,  0.29,0
 3117.304, 3380.753, -76.697,   4.160, -1.04,  0.22,0
 4726.795, 4391.917,-111.213,   6.730, -0.77,  0.26,0
 -207.215,-1324.892, 999.000, 999.000, -0.31,  0.25,0
 4112.368,-4865.408, 999.000, 999.000, -0.51,  0.22,0
 4587.042,-3197.261, 999.000, 999.000, -1.11,  0.24,0
 4171.786, -140.059, 999.000, 999.000, -0.66,  0.20,0
  872.070,  355.569, 999.000, 999.000, -0.60,  0.23,0
 -436.741, 4351.703, 999.000, 999.000, -0.92,  0.21,0
 1002.579,  167.993, 999.000, 999.000, -0.14,  0.26,0
 4873.438, 2350.663, 999.000, 999.000, -1.14,  0.25,0
 4619.611,  549.974, 999.000, 999.000, -0.80,  0.23,0
-4470.545,-3468.406, 999.000, 999.000, -0.55,  0.25,0
-3883.676,-1748.882, 999.000, 999.000, -0.38,  0.22,0
 -493.938, -446.429,  64.553,   5.570, -0.58,  0.24,0
 3771.637,   89.499, 999.000, 999.000, -0.80,  0.20,0
 -811.596,-2267.896, 999.000, 999.000, -0.55,  0.23,0
   98.737, 3451.158, 999.000, 999.000, -0.87,  0.24,0
  799.647, 4370.692, -17.269,   4.200, -0.93,  0.28,0
-4351.071,-2161.801, 999.000, 999.000, -0.68,  0.25,0
  215.523,-3070.403, 999.000, 999.000, -0.45,  0.24,0
 2867.865, -134.012, 999.000, 999.000, -1.02,  0.27,0
 3927.500,-2572.011, 999.000, 999.000, -0.33,  0.22,0
 4438.026,-3413.472, 999.000, 999.000, -0.74,  0.27,0
 2781.104,  667.095,-123.673,   4.310, -0.60,  0.25,0
-3461.572, 2555.403, 999.000, 999.000, -0.31,  0.29,0
-1689.947, 1653.669, 999.000, 999.000, -0.39,  0.27,0
-1401.320,-4450.312,-202.035,   6.260, -0.43,  0.30,0
-2261.062,  616.458, 999.000, 999.000, -0.83,  0.22,0
 4973.287,  157.027, 999.000, 999.000, -1.13,  0.29,0
  198.930,  962.487, 999.000, 999.000, -0.55,  0.24,0
 1840.228, 2986.489, 999.000, 999.000,  0.02,  0.22,0
-2974.852, -383.522, 999.000, 999.000, -1.21,  0.26,0
 2278.130, 2916.806,-103.967,   4.270, -1.00,  0.25,0
 2477.821, 1256.164, 999.000, 999.000, -0.37,  0.29,0
 4227.962,-4236.876, 999.000, 999.000, -0.11,  0.25,0
 4466.426, -159.642, 999.000, 999.000, -0.81,  0.29,0
-3068.708, 2554.951, 999.000, 999.000, -0.80,  0.22,0
-4887.841,-1177.892, 999.000, 999.000, -0.36,  0.21,0
-2807.615,-4220.094, 999.000, 999.000, -0.47,  0.28,0
  406.596, 4789.240, 999.000, 999.000, -0.17,  0.29,0
-4279.937, 1381.962,  16.531,   4.700, -0.88,  0.22,0
-3345.905,-1542.945, 999.000, 999.000, -1.14,  0.30,0
  688.086,-1445.035, 999.000, 999.000, -0.88,  0.21,0
  977.032, 2245.031, 999.000, 999.000, -0.65,  0.24,0
  850.523,-4590.031, 999.000, 999.000, -0.36,  0.20,0
-4282.105,-1993.979, 999.000, 999.000, -0.76,  0.29,0
 2670.950, 2569.616, 999.000, 999.000, -0.73,  0.30,0
-3755.527,-1484.653,-104.902,   4.210, -0.48,  0.29,0
-4331.041, 1125.149, 999.000, 999.000, -0.77,  0.23,0
-1954.156, 3406.100, 999.000, 999.000, -0.53,  0.25,0
  694.555, -817.867, 999.000, 999.000, -0.46,  0.23,0
 1017.891,-4549.078, -27.589,   4.460, -0.92,  0.20,0
-4267.934, 3372.091, 999.000, 999.000, -0.81,  0.23,0
 3955.763,-4910.597, 999.000, 999.000, -1.07,  0.30,0
 -132.827, 2487.933, 999.000, 999.000, -0.04,  0.28,0
-2918.946,-4538.000,  -5.481,   3.880, -0.57,  0.21,0
 2099.403, 4989.378, 999.000, 999.000, -0.66,  0.21,0
 1641.680, 2959.617, -53.158,   2.780, -0.10,  0.26,0
-3591.325,-2107.101, 999.000, 999.000, -0.63,  0.21,0
 1326.422,-1549.262, 999.000, 999.000, -0.42,  0.24,0
 1028.491, 1864.966,-171.400,   4.080, -0.57,  0.28,0
 1911.700,  933.225, 999.000, 999.000, -0.75,  0.24,0
-1101.212,-2671.937, 999.000, 999.000, -0.09,  0.29,0
 2719.546,-3323.453,  22.509,   3.090,  0.18,  0.29,0
-2489.245, 1831.849, 999.000, 999.000, -0.62,  0.27,0
-3366.795, 4646.677, 999.000, 999.000, -0.96,  0.20,0
-4332.762, 2341.501, 999.000, 999.000, -1.37,  0.25,0
 2440.143,  703.943, -50.246,   3.780, -0.36,  0.26,0
  693.740,-2325.297, 999.000, 999.000, -0.10,  0.24,0
-4428.659, 1448.801, 999.000, 999.000, -0.45,  0.29,0
-1591.793,-4591.131, 999.000, 999.000, -1.15,  0.25,0
 3159.745, 4368.323, -15.868,   4.310, -0.02,  0.30,0
-1933.443,-4012.610, 999.000, 999.000, -0.42,  0.21,0
  915.798, -841.244, 999.000, 999.000, -0.37,  0.23,0
-1709.142, 2634.220, 999.000, 999.000, -0.56,  0.28,0
-4823.114, 3732.656, 999.000, 999.000, -1.06,  0.25,0
-4093.320, 4731.696, 999.000, 999.000, -1.21,  0.22,0
-2680.238, 4601.444,  35.512,   4.570, -0.56,  0.23,0
  406.869, 3050.625, 999.000, 999.000, -0.42,  0.29,0
 1846.682,-4510.458, 999.000, 999.000, -0.87,  0.29,0
 3188.769,-3996.428, 999.000, 999.000, -0.74,  0.28,0
 3411.816,-3975.575, 999.000, 999.000, -0.18,  0.24,0
-3063.103,-4893.089, 999.000, 999.000, -0.49,  0.21,0
 3565.037,-3498.415, 999.000, 999.000, -0.18,  0.21,0
-4448.594,  446.910, -32.863,   5.040, -0.46,  0.30,0
   68.833, 4656.299, 999.000, 999.000, -0.74,  0.27,0
-1679.991, 2853.947, 999.000, 999.000, -0.75,  0.25,0
-1612.318, 2797.775, -17.133,   5.730, -0.26,  0.23,0
-3673.006, 4948.153, 999.000, 999.000, -0.64,  0.27,0
-4118.228, 3262.518, 999.000, 999.000, -0.55,  0.29,0
 2718.056,-1586.255, 999.000, 999.000, -0.99,  0.27,0
 4689.406, 2183.233, 999.000, 999.000, -0.33,  0.21,0
 1525.703, -538.042, 999.000, 999.000, -0.89,  0.25,0
 2706.174, 3478.799, -44.316,   2.610, -1.11,  0.22,0
-2527.896, 2618.835, 999.000, 999.000, -0.46,  0.30,0
-1497.476,-3172.012,  85.688,   6.060, -0.25,  0.29,0
 3428.087, 2267.359, 999.000, 999.000, -0.66,  0.22,0
 1062.548, 2928.284, 999.000, 999.000, -0.29,  0.26,0
  705.286, -155.355, 999.000, 999.000, -0.74,  0.22,0
-4923.500, -926.813,  28.620,   4.600, -0.94,  0.22,0
 4925.883,  933.258, 999.000, 999.000, -0.55,  0.28,0
-1683.125, 3120.237, 999.000, 999.000, -0.36,  0.22,0
-1476.879, -649.474, -52.963,   5.860,  0.15,  0.29,0
 1226.594, 4100.733, 999.000, 999.000, -0.57,  0.20,0
 3368.630,  973.700, 999.000, 999.000, -0.45,  0.27,0
 3018.658, 1732.480, -88.260,   3.840, -0.92,  0.29,0
-3259.804, -315.718, 999.000, 999.000, -0.13,  0.28,0
-4072.502,-4232.129,  28.779,   6.800, -0.71,  0.29,0
-4271.006,-4193.906, 999.000, 999.000, -1.30,  0.26,0
  165.412, 3830.261, 999.000, 999.000, -0.21,  0.20,0
-1329.405,-1822.083, 999.000, 999.000, -0.67,  0.24,0
 3564.877, 2325.423, 999.000, 999.000, -0.56,  0.24,0
  464.992,  120.230, -42.884,   5.830, -1.08,  0.29,0
-4674.683, 2619.315, 999.000, 999.000, -0.41,  0.29,0
  285.935, -984.592, -41.771,   2.610, -0.89,  0.28,0
 4224.988,-1005.827, 999.000, 999.000, -0.48,  0.24,0
-3099.468, 3920.509, 999.000, 999.000, -0.52,  0.30,0
 3067.080,  -20.734, 999.000, 999.000, -1.27,  0.28,0
-1474.379,-3317.251, 999.000, 999.000, -0.40,  0.25,0
-1289.122,-1219.863, -52.682,   4.680, -0.71,  0.25,0
 3220.986,  626.520, 999.000, 999.000, -0.87,  0.27,0
-4421.145,-1948.239,-226.581,   4.520, -0.80,  0.27,0
  685.776,-1421.260, -41.951,   3.090, -0.88,  0.28,0
  433.955, 1481.046, 999.000, 999.000, -0.74,  0.21,0
 4446.796, -436.476, 999.000, 999.000, -1.02,  0.30,0
 3889.906, 2033.982, 999.000, 999.000, -0.68,  0.21,0
  659.792, 3048.284, 999.000, 999.000, -0.02,  0.26,0
 3469.724, 2987.044, 999.000, 999.000, -0.62,  0.20,0
-2537.398,-1238.084, 999.000, 999.000, -0.38,  0.21,0
 3990.306,-1762.452, 999.000, 999.000, -0.57,  0.23,0
-4730.149, 3769.470, 999.000, 999.000, -0.90,  0.29,0
 2862.428, 2122.672, 999.000, 999.000, -0.59,  0.21,0
 2938.548, 1298.537, 999.000, 999.000, -0.43,  0.27,0
-1279.285, 4752.452, 999.000, 999.000, -0.79,  0.29,0
-2798.209, 4199.802, 999.000, 999.000, -0.49,  0.21,0
 -374.781, 3110.086, 999.000, 999.000, -0.45,  0.24,0
 2336.674, 2538.336, 999.000, 999.000, -0.33,  0.26,0
-4412.957,-3245.134, 999.000, 999.000, -0.46,  0.25,0
-2720.319,-4126.499, -21.838,   5.830, -0.82,  0.23,0
 2953.352,-3938.313, 999.000, 999.000, -0.50,  0.27,0
 -771.849, 4492.989, 999.000, 999.000, -1.37,  0.27,0
 3269.317, 4668.729, 999.000, 999.000, -0.49,  0.23,0
 1946.651, 1707.012, 999.000, 999.000, -0.48,  0.20,0
 1592.905, 2025.694,  46.888,   3.050, -1.05,  0.24,0
 4440.734,-1654.845, -35.555,   5.460, -0.79,  0.25,0
 4361.014,  230.675, 999.000, 999.000, -0.43,  0.23,0
 4564.424,-1983.958, -33.431,   4.790, -0.46,  0.29,0
 3301.599, 1733.878, 999.000, 999.000, -0.78,  0.23,0
  235.961, 1189.091, 999.000, 999.000, -0.90,  0.24,0
 1122.143, 2270.786, 999.000, 999.000, -0.57,  0.26,0
 3727.166,  257.409, 999.000, 999.000, -0.85,  0.20,0
 3005.705,-1104.212, 999.000, 999.000, -0.15,  0.29,0
  648.019,-3059.335, 999.000, 999.000, -0.47,  0.28,0
 4170.923,-1677.858, 999.000, 999.000, -0.54,  0.24,0
 3075.148, 3944.114, 999.000, 999.000, -0.71,  0.22,0
 4629.442, 3419.273, -99.595,   5.760, -0.09,  0.27,0
 1607.581,-1439.642, 999.000, 999.000, -0.85,  0.21,0
 3388.738, 2701.026, 999.000, 999.000, -0.73,  0.22,0
-3789.857,-2666.689, 999.000, 999.000, -0.88,  0.22,0
-1585.650, 4342.716, 999.000, 999.000, -0.82,  0.23,0
 4981.230,  434.249, 999.000, 999.000, -0.72,  0.24,0
-1178.970, -798.302, 999.000, 999.000, -0.41,  0.26,0
-1147.489,-3977.514, 999.000, 999.000,  0.19,  0.22,0
-2012.931,-1103.460, 999.000, 999.000, -0.44,  0.30,0
-3291.125, 3977.109, 999.000, 999.000, -0.40,  0.27,0
  873.081, 1473.696, 999.000, 999.000, -0.65,  0.29,0
 3369.338,-1547.088, 999.000, 999.000, -0.16,  0.25,0
 -736.053,-1902.248, 999.000, 999.000, -0.69,  0.26,0
-4603.611,-3529.268, 999.000, 999.000, -1.03,  0.21,0
  914.034,-2412.323, 999.000, 999.000, -0.65,  0.21,0
-1927.696,-1246.404, 999.000, 999.000, -0.66,  0.29,0
-1908.568, 4719.220, 999.000, 999.000, -0.62,  0.21,0
-4497.705,  392.698, 999.000, 999.000, -0.49,  0.28,0
 1588.172,  739.141, 999.000, 999.000, -0.30,  0.28,0
 3404.991,-4860.317,  32.164,   4.040, -0.72,  0.24,0
 3026.701, 4539.768, 999.000, 999.000, -0.19,  0.26,0
 4251.308, -467.708, 999.000, 999.000, -1.07,  0.23,0
 2818.295,  525.122, 999.000, 999.000, -0.42,  0.27,0
  268.499,-4378.083, 999.000, 999.000, -0.75,  0.23,0
-3812.522, 2125.611, 999.000, 999.000, -0.39,  0.21,0
-3728.385, -878.319, 999.000, 999.000, -0.16,  0.22,0
 -693.528, 3573.921, 999.000, 999.000, -0.99,  0.27,0
 3723.260,   15.054, 999.000, 999.000, -0.12,  0.26,0
 4343.208,-3551.353, -35.001,   4.200, -0.16,  0.27,0
 4650.742, -143.887, 999.000, 999.000, -0.59,  0.24,0
-3593.030,  606.896, 999.000, 999.000, -0.51,  0.26,0
-1186.733,  229.257, 999.000, 999.000, -0.84,  0.21,0
-2684.588,-4598.569, 999.000, 999.000, -0.27,  0.26,0
-1867.671, 4821.157, 999.000, 999.000,  0.09,  0.26,0
 2045.765,-2342.380, 999.000, 999.000, -0.60,  0.23,0
 2576.017, 4344.075, 999.000, 999.000, -0.41,  0.21,0
 1954.973,-4208.838,  53.000,   4.470, -0.48,  0.25,0
 3189.506,-4632.346, 999.000, 999.000,  0.11,  0.28,0
 -217.817, 4060.639, 999.000, 999.000, -0.28,  0.26,0
 2847.512,-4769.745, 999.000, 999.000, -0.70,  0.21,0
 2263.346, -241.423, 999.000, 999.000, -0.86,  0.29,0
-4798.908, 2715.852, 999.000, 999.000, -0.45,  0.20,0
  472.080,-3457.721, 999.000, 999.000, -0.47,  0.22,0
 2692.948,-3192.262, 999.000, 999.000, -0.95,  0.28,0
 1512.758, 3124.446, 999.000, 999.000, -0.84,  0.30,0
-2232.674,-2330.055, 999.000, 999.000, -0.32,  0.20,0
  705.211, -942.436, 999.000, 999.000, -0.46,  0.29,0
 1606.426, -140.718, 999.000, 999.000, -0.95,  0.26,0
-2710.865,-2022.820, 999.000, 999.000, -0.21,  0.23,0
 2135.099, 3732.821, -67.873,   4.590, -0.15,  0.22,0
 2033.951, 1192.407, -18.118,   4.010, -0.53,  0.25,0
 4300.767, 1207.777, 999.000, 999.000, -0.72,  0.27,0
  869.918, 1022.611, 999.000, 999.000, -0.66,  0.29,0
 -772.724, -966.693, 999.000, 999.000, -0.84,  0.21,0
 2050.020,-1921.514, -76.830,   4.640, -1.01,  0.21,0
 2215.230,-2157.457, 999.000, 999.000, -0.78,  0.24,0
-2040.711,-1371.666, -34.453,   3.870, -0.16,  0.21,0
-1672.232,-1951.238, -18.597,   3.970, -0.70,  0.20,0
-2244.470, -441.279, 999.000, 999.000, -0.68,  0.26,0
 4885.287, 2478.936,  -4.516,   4.200, -0.67,  0.30,0
-1048.625, 2030.957, 999.000, 999.000, -0.45,  0.27,0
-4574.944,-3867.745, 999.000, 999.000, -0.75,  0.28,0
-2802.103,-3237.232, 999.000, 999.000,  0.01,  0.22,0
-1861.695, 1738.686, 999.000, 999.000, -0.84,  0.29,0
-2982.877,  361.573, 999.000, 999.000, -0.14,  0.25,0
-3254.839, 4552.246, -39.373,   4.090, -0.66,  0.22,0
-3274.573, 4267.424, 999.000, 999.000, -0.80,  0.27,0
 2738.397, 1969.981, 999.000, 999.000, -0.57,  0.26,0
 2485.750,-2505.157, 999.000, 999.000, -1.07,  0.30,0
 4588.075,  865.580, 999.000, 999.000, -0.37,  0.28,0
-1963.598, -147.318, 106.746,   4.050, -0.08,  0.25,0
 4549.603, 2102.963, 999.000, 999.000, -0.29,  0.22,0
-1915.457,-2824.878, 999.000, 999.000, -0.53,  0.27,0
-2614.493,-4684.849, -80.338,   4.160, -0.49,  0.21,0
 3888.667, 1058.191, 999.000, 999.000, -0.60,  0.20,0
-1992.270,-2339.381, 999.000, 999.000, -0.25,  0.25,0
-1826.417, 1181.877, 999.000, 999.000, -0.88,  0.21,0
 -772.347,-4442.256,   1.387,   4.860, -1.03,  0.29,0
-3568.898, 4916.847, -20.160,   4.640, -0.44,  0.26,0
 -884.152, 1674.252, 999.000, 999.000, -0.21,  0.22,0
 1845.050, -175.614, 999.000, 999.000, -0.48,  0.23,0
  515.813,-4995.538, 999.000, 999.000, -0.49,  0.25,0
-4979.216,-4335.999, 999.000, 999.000, -0.54,  0.24,0
 3077.760,-2880.322, 999.000, 999.000, -0.08,  0.21,0
-3018.005,-4988.724, 999.000, 999.000, -1.18,  0.20,0
-4299.720,-2982.453, -20.391,   3.790, -0.12,  0.27,0
-2248.946, -839.251, -45.855,   4.260, -0.93,  0.23,0
 -858.444, 2838.548, 999.000, 999.000, -0.76,  0.23,0
 -761.101,  383.167, 999.000, 999.000, -0.16,  0.29,0
 2667.740, 4783.802,  54.140,   5.860, -0.83,  0.22,0
-1787.237,-4027.807, 999.000, 999.000, -1.03,  0.24,0
 -335.715, 2354.704, 999.000, 999.000, -0.63,  0.21,0
-2723.737,-1961.229, 999.000, 999.000, -0.72,  0.23,0
 4013.661,-3595.891, 999.000, 999.000, -0.23,  0.27,0
 1103.960,-4618.767, 999.000, 999.000, -0.81,  0.21,0
 -160.221,-1325.518, 999.000, 999.000, -0.85,  0.27,0
-2724.544,-2790.853, -37.297,   6.130, -0.64,  0.24,0
 4350.343,-4424.692, -75.953,   4.870, -0.38,  0.28,0
 -143.948,-4018.994, 999.000, 999.000, -0.37,  0.24,0
 1925.378,-2379.177, 999.000, 999.000, -0.49,  0.29,0
 1289.806,-4109.555, 999.000, 999.000, -0.20,  0.23,0
-2941.221, 1140.563, 999.000, 999.000, -0.52,  0.25,0
 1204.116, 2652.994, 999.000, 999.000, -0.57,  0.23,0
 3986.644, 3810.774, 999.000, 999.000, -0.53,  0.28,0
 2130.119, 4875.869, 999.000, 999.000, -1.40,  0.29,0
 2027.285, 1402.335, 999.000, 999.000,  0.22,  0.22,0
 4204.519,  236.900, 999.000, 999.000, -0.56,  0.23,0
 -978.127, -969.117, 999.000, 999.000, -0.66,  0.28,0
 2983.501,-2007.822, 999.000, 999.000, -0.46,  0.21,0
 2504.249,-2722.346, -30.637,   5.730, -0.97,  0.24,0
   97.425,-2029.529, 999.000, 999.000,  0.00,  0.26,0
-2810.358,  522.422, 999.000, 999.000, -0.69,  0.27,0
  696.301, 2240.720, 999.000, 999.000, -0.75,  0.29,0
 3568.486, 1105.520, 999.000, 999.000, -0.62,  0.21,0
-4655.257,-4632.801,  15.462,   4.260, -0.49,  0.28,0
 4474.607, 1498.635,  -5.168,   4.500, -0.23,  0.28,0
 3917.157,-3560.402, -19.907,   2.900, -0.68,  0.25,0
-4862.046,  187.388, 999.000, 999.000,  0.33,  0.25,0
-4068.266, 4976.471, 999.000, 999.000, -0.26,  0.28,0
   65.314,-2068.914, 999.000, 999.000, -0.39,  0.23,0
-2692.621, 4709.103,-159.527,   4.010, -0.72,  0.29,0
-1238.272,  323.297, 999.000, 999.000, -0.73,  0.25,0
 1265.591, -648.719, 999.000, 999.000, -0.50,  0.27,0
-3681.288, 2641.396, -72.085,   4.250, -0.50,  0.20,0
 3048.080, 2066.823, 999.000, 999.000, -0.34,  0.26,0
 -104.292, 3707.100, 999.000, 999.000, -1.14,  0.28,0
 1734.000, 1821.191, 999.000, 999.000, -1.08,  0.23,0
-3281.297, 2874.948, 999.000, 999.000, -0.63,  0.28,0
 -231.645,-2438.306, 999.000, 999.000, -0.51,  0.24,0
 1526.679, 3993.682, 999.000, 999.000, -0.82,  0.28,0
   57.925,   82.302,  -1.513,   4.880, -0.29,  0.27,0
-2292.167, 3280.925, 999.000, 999.000, -0.46,  0.27,0
 2536.255,-4562.259, 999.000, 999.000, -0.37,  0.28,0
  473.230,-1587.000, 999.000, 999.000, -0.17,  0.23,0
-2454.877,-2989.877, 999.000, 999.000, -1.07,  0.24,0
 -790.759,-1097.819, 999.000, 999.000, -0.67,  0.27,0
  814.631, -768.824, 999.000, 999.000, -0.22,  0.23,0
 3030.013, 2102.038, -60.250,   6.160, -0.49,  0.26,0
-4823.821,-3926.732, -26.768,   4.870, -0.53,  0.20,0
-2126.781, 3763.893, 999.000, 999.000, -0.20,  0.29,0
-2247.358,-1899.524, 999.000, 999.000, -0.35,  0.22,0
 -513.925, 1024.871, 999.000, 999.000, -0.79,  0.24,0
-4565.586, 2481.701, 999.000, 999.000, -0.53,  0.27,0
 2229.788, -936.378, -19.480,   4.870, -0.52,  0.23,0
-4991.334, 4630.070, 999.000, 999.000, -0.74,  0.25,0
 -868.947, 4917.511, 999.000, 999.000, -0.78,  0.25,0
 2532.372, 3327.228, -82.229,   4.270, -0.10,  0.23,0
-3880.901,-1003.926, -27.996,   4.250, -0.90,  0.25,0
   66.389,-1214.861, 999.000, 999.000, -0.77,  0.20,0
 1187.441,-1341.973, 999.000, 999.000, -0.34,  0.27,0
 4958.000, -748.744, 999.000, 999.000, -0.42,  0.20,0
 4774.461,-4777.895,-101.383,   4.880, -0.08,  0.23,0
-3779.704, 2360.143, 999.000, 999.000, -0.14,  0.30,0
-1408.258,-2200.551, 999.000, 999.000, -0.69,  0.22,0
-2114.705, 2490.021, 999.000, 999.000, -0.26,  0.27,0
 1205.741, 2537.023, -65.548,   4.250, -0.14,  0.30,0
 1306.250, 4006.497, 999.000, 999.000, -0.54,  0.22,0
-4746.173,-1666.074, 999.000, 999.000, -0.34,  0.22,0
 2206.107,-3623.389, 999.000, 999.000, -0.47,  0.27,0
-4398.703,  197.864, 999.000, 999.000, -0.69,  0.29,0
 4931.271, -377.962, 999.000, 999.000, -0.43,  0.27,0
  158.704,-3975.961, 999.000, 999.000, -0.94,  0.21,0
 3848.321,-2890.776, 999.000, 999.000, -0.70,  0.23,0
-1288.546, 1869.865,   7.682,   2.860, -0.63,  0.27,0
 4727.765,-3013.922, 999.000, 999.000, -0.47,  0.22,0
-1690.049, -448.565, 999.000, 999.000, -1.04,  0.30,0
 3566.430, -829.454, 999.000, 999.000, -0.78,  0.24,0
 1463.274,-2543.785, 999.000, 999.000, -0.16,  0.22,0
 3449.198,-4969.064, 999.000, 999.000, -0.69,  0.27,0
-1658.455,-2311.479, -61.897,   3.810, -0.21,  0.22,0
 3475.400, -935.918, 999.000, 999.000, -0.69,  0.26,0
 4731.561,  360.513, -17.239,   4.230, -0.53,  0.21,0
 3694.257,-3874.500, 999.000, 999.000, -0.56,  0.24,0
 -564.557, 1711.593,  36.804,   4.880, -0.70,  0.27,0
  444.822, 2724.950,  25.151,   3.810, -0.38,  0.24,0
  609.043, 2103.055, 999.000, 999.000, -0.05,  0.27,0
-1460.416,  605.060, -33.257,   6.310, -0.40,  0.23,0
 4130.071, -966.500, 999.000, 999.000, -0.84,  0.24,0
 4222.705,-1101.754, -54.907,   4.200, -0.55,  0.27,0
 4889.449, 4515.362, 999.000, 999.000, -0.34,  0.27,0
 4260.937,  396.447, -41.136,   4.530, -0.64,  0.22,0
 3810.341, 4574.425, 999.000, 999.000,  0.09,  0.29,0
  220.475,-4724.389, 999.000, 999.000, -0.45,  0.25,0
  367.280, 4063.715, 999.000, 999.000, -0.78,  0.20,0
 3666.251, 1539.696, 999.000, 999.000, -0.88,  0.22,0
-3800.430,-1607.275, 999.000, 999.000, -0.55,  0.20,0
 1696.173, 2856.514, 999.000, 999.000, -0.88,  0.28,0
-4810.869, 1297.869, -38.892,   4.340, -0.52,  0.24,0
-3567.476,-4048.801, 999.000, 999.000, -0.42,  0.29,0
-1903.455,-4561.059,  53.628,   4.930, -0.70,  0.22,0
 -127.682,-3970.153, 999.000, 999.000, -0.29,  0.28,0
-2648.898,-2346.335, 999.000, 999.000, -0.52,  0.23,0
 1654.592,-4586.257, 999.000, 999.000, -0.60,  0.27,0
 4030.938, 3948.037, 999.000, 999.000, -0.88,  0.30,0
 3125.130,-2345.992, 999.000, 999.000, -1.16,  0.26,0
 1358.383, 4556.527, 999.000, 999.000, -0.37,  0.20,0
-3681.613,  483.974, 999.000, 999.000, -0.24,  0.28,0
 2251.334, -206.929, 999.000, 999.000, -0.76,  0.24,0
 2282.897, 3689.274, 999.000, 999.000, -0.53,  0.22,0
    8.061, -733.812, 999.000, 999.000, -0.64,  0.27,0
 4041.729, 1678.810, 999.000, 999.000, -0.54,  0.29,0
-2128.276,  890.746,-103.885,   5.780, -1.00,  0.29,0
-3801.759, -350.890, 999.000, 999.000, -0.17,  0.29,0
  221.208,-1669.771, 999.000, 999.000, -0.49,  0.29,0
-1258.542,-4833.830, 999.000, 999.000, -0.39,  0.29,0
 -333.225,  828.819,-183.241,   2.770,  0.06,  0.29,0
 -529.019,-1311.656, 999.000, 999.000, -0.13,  0.24,0
-4457.465, 4024.937, 999.000, 999.000, -0.23,  0.26,0
-3628.252, 1814.271, 999.000, 999.000, -0.63,  0.23,0
 2969.037, 2078.274, 999.000, 999.000, -0.45,  0.23,0
 4907.284, 3498.690, 999.000, 999.000, -0.40,  0.24,0
 3013.949, -571.145, -93.985,   4.010, -0.21,  0.21,0
  370.795,-1456.617, 999.000, 999.000, -0.73,  0.28,0
  837.353, 2694.047,  -5.461,   6.800, -0.34,  0.27,0
 2983.458,-1205.618, -12.047,   5.420, -0.55,  0.20,0
-1590.511, -314.132, 999.000, 999.000, -0.10,  0.21,0
 2173.497, 2197.757, 999.000, 999.000, -0.78,  0.23,0
  145.373,-3481.367, -64.353,   3.920,  0.17,  0.24,0
 2944.822,-2873.831, 999.000, 999.000, -0.89,  0.27,0
 1817.522, 1039.020, 999.000, 999.000, -0.66,  0.24,0
-2475.578, 2224.876, -92.040,   4.500, -0.39,  0.22,0
 4888.031,  172.607, 999.000, 999.000, -0.54,  0.21,0
 2987.299,  -56.106, 999.000, 999.000, -0.54,  0.20,0
-3775.206, 1272.539, 999.000, 999.000, -0.45,  0.26,0
-3673.962, -850.592, 999.000, 999.000, -0.53,  0.22,0
-1057.585,-4848.441, 999.000, 999.000, -0.52,  0.22,0
 2563.886, -499.666, 999.000, 999.000, -0.61,  0.29,0
-3382.927,-3533.279, 999.000, 999.000, -0.75,  0.22,0
-4094.120,-4949.459, 999.000, 999.000, -0.80,  0.21,0
-3889.469,-2101.425, 999.000, 999.000, -0.92,  0.26,0
-3989.119,-2710.166, 999.000, 999.000, -0.66,  0.21,0
 1302.930,-1972.113, 999.000, 999.000, -1.03,  0.30,0
-1299.545, 1722.512, 999.000, 999.000, -0.48,  0.28,0
-2015.779,-4168.133, 999.000, 999.000, -0.80,  0.21,0
-1991.396,-4300.500,-105.839,   4.680, -0.73,  0.30,0
 1693.797, 1034.585, 999.000, 999.000, -0.04,  0.25,0
 4915.466,-4492.974, 999.000, 999.000, -0.67,  0.28,0
 3382.677, -876.675,  10.544,   5.780, -0.49,  0.23,0
-4612.685,  812.625, 999.000, 999.000, -0.74,  0.27,0
 1330.056,-1314.423, 999.000, 999.000, -0.63,  0.28,0
-3006.172, -578.797, 999.000, 999.000, -0.88,  0.22,0
 3539.635,  635.671, 999.000, 999.000, -0.49,  0.26,0
   65.691,-4626.727, 999.000, 999.000, -1.05,  0.22,0
-1458.943, 2042.961, 999.000, 999.000, -0.39,  0.27,0
  -71.190, -839.657, -80.929,   4.130, -0.23,  0.22,0
-2904.141,-4315.355, 999.000, 999.000, -0.64,  0.24,0
 2408.110,-1933.040, 999.000, 999.000, -0.21,  0.27,0
  183.468,-1937.757, -66.222,   4.030, -0.61,  0.20,0
 2190.950,-2038.239, 999.000, 999.000, -0.52,  0.25,0
-4709.467, 2116.427, -41.724,   4.110, -0.31,  0.22,0
  687.547, 4187.164, -33.902,   4.870, -0.70,  0.29,0
-1956.470,  999.137, 999.000, 999.000, -0.37,  0.28,0
-3012.954,-1651.432, 999.000, 999.000, -0.35,  0.26,0
 1361.701,-2742.652, 999.000, 999.000, -0.69,  0.24,0
 2725.957,  248.448, 999.000, 999.000, -0.22,  0.28,0
 4153.162, 4204.736, 999.000, 999.000, -0.32,  0.21,0
  124.024,-1506.536, 999.000, 999.000, -0.79,  0.25,0
-2337.895, 1906.469, 999.000, 999.000, -0.97,  0.29,0
 1270.146, 3259.264, 999.000, 999.000, -1.31,  0.28,0
-2964.443, 4723.063,  51.693,   4.650, -0.26,  0.20,0
 1617.979, 2874.552, 999.000, 999.000, -0.09,  0.30,0
 -993.777, 1243.526, 999.000, 999.000, -0.36,  0.25,0
 -297.677, 2898.839, 999.000, 999.000, -0.75,  0.23,0
  -18.582, 4051.983, 999.000, 999.000, -0.29,  0.26,0
 4720.306,-1977.954, 999.000, 999.000, -0.77,  0.29,0
 -499.134,-1126.860, 999.000, 999.000, -0.11,  0.25,0
-2427.298,  299.987, 999.000, 999.000, -0.90,  0.21,0
-3636.616,-1325.903, 999.000, 999.000, -0.68,  0.21,0
  181.948,-4324.936,  -0.250,   4.030, -0.46,  0.28,0
 4153.117, 1084.078, 999.000, 999.000, -0.80,  0.23,0
-2773.928, 4174.788, 999.000, 999.000, -0.53,  0.23,0
-2477.187,-2528.155, 999.000, 999.000, -0.41,  0.22,0
-4846.332, 3936.942, 999.000, 999.000, -0.39,  0.28,0
 4183.976,  935.225, 999.000, 999.000, -0.00,  0.23,0
-4166.471, -826.389, -35.944,   6.100, -0.73,  0.28,0
 -462.108, 4422.951, 999.000, 999.000, -0.49,  0.27,0
 3127.743,-3643.365, 999.000, 999.000, -1.02,  0.28,0
 4582.925, -273.123, 999.000, 999.000, -0.80,  0.24,0
 4542.574,-3572.926, 999.000, 999.000, -0.33,  0.29,0
  881.112, 1702.557, 999.000, 999.000, -0.43,  0.25,0
 4962.152, 1530.902, 999.000, 999.000, -0.99,  0.21,0
 2413.157, 4955.011,-104.075,   4.090, -0.15,  0.30,0
-4108.510, 3288.242, 999.000, 999.000, -0.34,  0.24,0
 1439.504, 4964.829, 999.000, 999.000, -0.91,  0.25,0
  -21.731, 1627.542, 999.000, 999.000, -0.74,  0.27,0
 2788.926, 4217.797, 999.000, 999.000, -0.44,  0.26,0
-1029.605, -543.445, 999.000, 999.000, -0.98,  0.21,0
-2994.569,-2682.731, 999.000, 999.000, -0.69,  0.25,0
-4573.468, 3518.329, 999.000, 999.000, -0.63,  0.21,0
-2924.376, 1336.788, 999.000, 999.000, -0.06,  0.21,0
-1404.174, 3562.427,  15.739,   4.540, -0.49,  0.23,0
 4360.539, 1755.835, -59.125,   4.440, -0.66,  0.29,0
  951.896, 1279.244, 999.000, 999.000, -0.33,  0.30,0
-4852.848, 4290.574, 999.000, 999.000,  0.13,  0.20,0
-4902.529, 4670.153, 999.000, 999.000, -0.46,  0.24,0
 -425.725, 3314.596,   2.251,   3.040, -0.57,  0.24,0
-3589.624,-1644.724, 999.000, 999.000, -0.30,  0.21,0
  276.310, 2620.264, -49.016,   4.250, -0.99,  0.27,0
-2191.496, 3384.571, 999.000, 999.000, -0.69,  0.25,0
-3519.195,-4281.951, 999.000, 999.000, -0.60,  0.29,0
-4796.563,-4461.476, -94.974,   4.500, -0.41,  0.29,0
 2836.821, 4482.092, 999.000, 999.000, -1.03,  0.30,0
  679.777,-4947.336, 999.000, 999.000, -0.73,  0.29,0
 4362.853,  475.312, 999.000, 999.000, -1.25,  0.25,0
  610.708,-1134.426, 999.000, 999.000, -0.13,  0.25,0
-2508.577, 1943.288, 999.000, 999.000, -0.29,  0.26,0
-4223.270,-1824.649, 999.000, 999.000, -0.82,  0.27,0
-2603.818,-3535.881,-129.774,   4.200, -0.62,  0.29,0
 -346.453,-3195.968, 999.000, 999.000, -0.45,  0.28,0
  184.351, -514.064, 999.000, 999.000, -0.20,  0.25,0
-4954.083, 4220.301, 999.000, 999.000, -1.26,  0.29,0
 1437.379, 2999.626, 999.000, 999.000, -0.51,  0.22,0
-1087.542,-1644.019, 999.000, 999.000, -0.79,  0.23,0
-1219.513,-4461.601, 999.000, 999.000, -0.11,  0.27,0
 -646.811,-2710.977, 999.000, 999.000, -0.01,  0.30,0
 3954.809, -452.642, 999.000, 999.000, -0.35,  0.25,0
  707.178, 1969.813, 999.000, 999.000, -0.80,  0.22,0
-2464.891, 4341.310,-106.080,   3.270, -0.61,  0.27,0
 4448.972,-1906.354, 999.000, 999.000, -0.30,  0.25,0
 4919.263,-4644.040, 999.000, 999.000, -0.70,  0.28,0
-1363.739,-3760.938, -33.780,   3.870, -0.12,  0.28,0
  -78.059,-3479.569, 999.000, 999.000, -0.73,  0.28,0
 2711.668,-1999.570, -81.181,   6.000, -0.81,  0.27,0
-3392.250,-2412.399, 999.000, 999.000, -0.56,  0.20,0
 3473.133, 4883.930, -34.946,   4.270, -0.30,  0.22,0
 -268.760, 4939.224, 999.000, 999.000, -0.88,  0.23,0
-1320.310, -752.463, -18.449,   5.190, -0.71,  0.28,0
-2177.534, -550.612, 999.000, 999.000, -1.04,  0.21,0
-4551.786,  724.981, 999.000, 999.000, -0.29,  0.29,0
 2822.670,-3212.401, 999.000, 999.000, -0.74,  0.25,0
 -744.027, 3882.670, 999.000, 999.000, -0.66,  0.26,0
-1881.865, 2312.083, -11.485,   3.920, -0.39,  0.22,0
-3968.194,-3581.336, 999.000, 999.000, -0.48,  0.28,0
 4983.205, 2266.260, 999.000, 999.000, -0.74,  0.25,0
-1367.810, -868.537, 999.000, 999.000, -1.12,  0.23,0
 2157.337,-3422.138, 999.000, 999.000, -0.61,  0.20,0
-1768.278, 1072.730, 999.000, 999.000, -0.00,  0.23,0
  913.916, 4712.523, 999.000, 999.000, -0.50,  0.22,0
  962.169, 3751.103, 999.000, 999.000, -1.03,  0.27,0
-2991.032, 4700.276, 999.000, 999.000, -0.59,  0.26,0
   66.137, 1458.210, 999.000, 999.000, -0.41,  0.29,0
 1816.364,  779.615, 999.000, 999.000, -1.07,  0.27,0
-1482.551,  822.519, 999.000, 999.000, -0.47,  0.28,0
-1450.247, -924.969, 999.000, 999.000, -0.77,  0.20,0
-1572.167, 4419.883, -42.933,   2.480, -0.62,  0.22,0
-1241.788, 3058.835, 999.000, 999.000, -0.76,  0.28,0
 2539.762,-3742.095, 999.000, 999.000,  0.17,  0.24,0
-4259.086,  610.943, 999.000, 999.000, -0.46,  0.29,0
  670.912,-2199.073, 999.000, 999.000, -0.76,  0.24,0
-1715.554,-4293.577, 999.000, 999.000, -1.16,  0.24,0
-4470.925, 3437.996, 999.000, 999.000, -0.28,  0.24,0
-4080.133, 2546.350, 999.000, 999.000, -0.54,  0.21,0
-3408.802, 2794.849, 999.000, 999.000, -0.98,  0.26,0
-1181.773, -368.946, 999.000, 999.000, -0.16,  0.20,0
  -97.940, 3166.905, 999.000, 999.000, -0.81,  0.25,0
-1768.745,-1919.943, 999.000, 999.000, -0.56,  0.21,0
 -819.033, -391.657,-143.796,   4.790, -0.35,  0.23,0
-1744.369, -279.688, 999.000, 999.000, -0.98,  0.30,0
 1652.733,-2011.721, 999.000, 999.000, -0.61,  0.23,0
 2100.797, 1559.464, 999.000, 999.000, -0.57,  0.21,0
-2127.926,-4674.263, 999.000, 999.000, -0.44,  0.26,0
 -542.657, 4335.612, 999.000, 999.000, -0.44,  0.24,0
 4000.061,-2049.393, 999.000, 999.000, -0.53,  0.29,0
-4145.682,  898.762, 999.000, 999.000, -0.29,  0.27,0
 1176.255, 1611.630, 999.000, 999.000, -0.26,  0.27,0
 4305.723, -380.374, 999.000, 999.000, -0.83,  0.29,0
 3355.282, 2561.411, 999.000, 999.000, -1.08,  0.29,0
  318.828,-2395.740, 999.000, 999.000, -0.32,  0.26,0
 2287.164,  512.119, -19.887,   4.000, -0.62,  0.21,0
 1842.904, 3500.276, 999.000, 999.000, -0.71,  0.24,0
-4474.839, -873.989, 999.000, 999.000, -0.55,  0.27,0
 2172.086, 2859.090, 999.000, 999.000, -0.88,  0.23,0
-3038.556, 3415.307, 999.000, 999.000, -0.67,  0.22,0
 1162.457,-2689.734, 999.000, 999.000, -0.71,  0.20,0
-1207.010, 3050.271, 999.000, 999.000, -0.86,  0.21,0
-3500.468, 3619.262, 999.000, 999.000, -0.22,  0.21,0
   72.280,-1623.335, 999.000, 999.000, -0.23,  0.22,0
 3318.542, 2888.087, 999.000, 999.000, -0.28,  0.29,0
-4578.441,  345.520, 999.000, 999.000, -1.06,  0.23,0
 3735.805,-2115.656, -66.430,   5.290, -0.26,  0.24,0
 3892.565, 3755.768, -46.749,   3.420, -1.17,  0.25,0
-2874.860,-2050.384, 999.000, 999.000, -0.77,  0.21,0
 4612.283,-2606.745, 999.000, 999.000, -0.69,  0.22,0
 4753.196,  312.356, 102.966,   4.530, -0.84,  0.28,0
 3596.166, 4932.719, 999.000, 999.000, -0.56,  0.26,0
 1516.045,  921.023, 999.000, 999.000, -0.66,  0.25,0
 3222.702,-3114.861,  -5.187,   4.590, -0.14,  0.21,0
 1225.075,-1416.952, 999.000, 999.000, -0.19,  0.25,0
 -288.785,-3821.765, 999.000, 999.000, -0.72,  0.23,0
-4306.261,-3680.145, 999.000, 999.000, -0.90,  0.29,0
-2661.396, 3052.847, 999.000, 999.000, -0.74,  0.27,0
-4727.214, 2989.766, 999.000, 999.000, -0.43,  0.24,0
 -979.052,-4544.746, 999.000, 999.000, -0.63,  0.20,0
 2187.805, 2762.790, 999.000, 999.000, -0.94,  0.29,0
 2330.186, -170.279, 999.000, 999.000, -0.86,  0.23,0
-4885.770, 2688.648, 999.000, 999.000, -0.80,  0.23,0
 2635.367,  537.025, 999.000, 999.000, -0.93,  0.23,0
-2786.333,-4356.442, 999.000, 999.000, -0.39,  0.28,0
-2237.195,-1700.131, 999.000, 999.000, -0.59,  0.25,0
-2811.912,-2408.377, 999.000, 999.000, -0.50,  0.21,0
-4931.442,-4322.842, 999.000, 999.000,  0.15,  0.23,0
 -655.035, -407.496, -51.584,   3.050, -0.76,  0.29,0
 3469.287,-3505.999, 999.000, 999.000, -0.42,  0.22,0
-3972.933, -887.593, 999.000, 999.000,  0.24,  0.30,0
 3166.388,-1399.699, 999.000, 999.000, -0.75,  0.29,0
 -532.078, 2865.393, 999.000, 999.000, -0.70,  0.27,0
 4967.421, 3132.921, 999.000, 999.000, -0.34,  0.28,0
 -269.966, 1924.481, 999.000, 999.000, -0.42,  0.20,0
 2828.433,-2183.432, 999.000, 999.000, -0.65,  0.23,0
 2949.387,-2903.221, 999.000, 999.000, -0.59,  0.24,0
-4678.085,  447.366, 999.000, 999.000, -0.51,  0.26,0
-3109.404, 4707.776, 999.000, 999.000, -0.75,  0.25,0
-3446.727, 1615.450, 999.000, 999.000, -0.68,  0.25,0
 4473.198,-4049.170,-145.729,   4.830, -0.53,  0.22,0
 -912.440,-1165.667, 999.000, 999.000, -1.06,  0.27,0
-3185.961, 2953.445, 999.000, 999.000, -0.48,  0.25,0
-1100.070, 1317.017, 999.000, 999.000, -0.70,  0.28,0
-3738.742, 1171.547, 999.000, 999.000, -0.39,  0.27,0
  734.972,-2117.659, 999.000, 999.000, -0.69,  0.22,0
-4154.593, 4633.588,-118.725,   2.950, -0.27,  0.23,0
 4219.236,-1534.412, 999.000, 999.000, -0.80,  0.24,0
 -639.804,  788.782, 999.000, 999.000, -0.37,  0.23,0
 -386.217,-2354.731, 999.000, 999.000, -0.58,  0.27,0
 2749.788, 4594.495,-107.858,   5.310, -0.23,  0.24,0
 2645.439, 2595.256, 999.000, 999.000, -0.35,  0.23,0
-3549.436,-2882.878, 999.000, 999.000, -0.27,  0.26,0
  313.780,-2974.965, 999.000, 999.000, -0.51,  0.25,0
-2747.556, 4557.052, 999.000, 999.000, -0.60,  0.25,0
-2282.088,   50.009, 999.000, 999.000, -1.02,  0.26,0
 3952.247, 1879.389, 999.000, 999.000, -0.63,  0.26,0
-2802.942,  787.898, -47.126,   4.880, -0.40,  0.21,0
  658.674, 1682.557, 999.000, 999.000, -0.53,  0.29,0
-2634.980, 1030.060, -24.391,   4.900, -0.73,  0.22,0
-1920.963,-3825.198, 999.000, 999.000, -0.40,  0.29,0
-4724.012, -257.490, 999.000, 999.000, -1.21,  0.29,0
 4608.688, 1244.796, -69.838,   3.020, -0.79,  0.20,0
 1472.480,-1994.777, 999.000, 999.000, -0.65,  0.22,0
 4803.917, 1114.329, 999.000, 999.000, -1.09,  0.26,0
 2286.834,  972.915, 999.000, 999.000, -0.87,  0.29,0
-1572.178, 3450.872, -32.383,   4.520, -0.40,  0.23,0
 1414.505,-2283.981, 999.000, 999.000, -1.03,  0.30,0
-3712.431,  699.273, 999.000, 999.000, -0.59,  0.25,0
 -810.038,-3227.676,  21.363,   4.030, -0.32,  0.27,0
 4457.209, -384.750, 999.000, 999.000, -1.11,  0.22,0
 4141.875,-1037.743,  16.981,   2.980, -0.82,  0.25,0
-4022.854,-1226.788, 999.000, 999.000, -0.57,  0.23,0
-1675.176,-3864.206, 999.000, 999.000, -0.49,  0.25,0
  778.925,-2230.916, 999.000, 999.000, -0.41,  0.30,0
-1795.676, 3729.353, 999.000, 999.000, -0.64,  0.25,0
 4770.305, 4671.930, 999.000, 999.000, -0.89,  0.26,0
-3869.600, 2469.052, 999.000, 999.000, -0.33,  0.21,0
 -519.710, 2628.357, 999.000, 999.000, -0.25,  0.29,0
 3901.365, 3385.611, 999.000, 999.000, -0.59,  0.22,0
-4343.740,-2103.770, 999.000, 999.000, -0.46,  0.24,0
-1911.443, 1821.201, 999.000, 999.000, -1.17,  0.29,0
-1429.627, 3356.168, 999.000, 999.000, -0.92,  0.21,0
 1531.399, 4289.762, 999.000, 999.000, -0.71,  0.24,0
 1234.865, 1592.858, 999.000, 999.000, -0.15,  0.21,0
-2420.689,  795.021, 999.000, 999.000, -0.49,  0.27,0
 2200.212,-3933.905, 999.000, 999.000, -0.41,  0.26,0
 2170.911, -778.799, 999.000, 999.000, -0.76,  0.23,0
 -198.523,-1986.401, -42.913,   4.650, -0.54,  0.26,0
 3511.347, 2387.347, 999.000, 999.000, -0.82,  0.24,0
 3741.388,-4217.149, 999.000, 999.000, -0.50,  0.27,0
-3937.639, 1657.355, 999.000, 999.000, -0.63,  0.20,0
-1594.549,-1152.566, 999.000, 999.000, -0.55,  0.25,0
  -69.605,  961.940, 999.000, 999.000, -0.46,  0.24,0
  521.106,  419.192, -10.825,   2.430, -0.92,  0.30,0
  876.872,-1482.872, 999.000, 999.000, -0.59,  0.22,0
 1698.702, 1661.531, 999.000, 999.000, -1.22,  0.28,0
 2275.472, -893.887,  -7.936,   4.900, -0.61,  0.21,0
 -150.636,   44.826, 999.000, 999.000, -0.78,  0.21,0
-4521.177, 1068.097, 999.000, 999.000, -0.86,  0.25,0
 4365.966,-3639.316, 999.000, 999.000, -0.87,  0.21,0
 1396.307, -818.138, 999.000, 999.000, -0.96,  0.21,0
-4052.271,-1390.651, 999.000, 999.000, -0.62,  0.24,0
  721.065, 1210.253, -60.273,   2.560, -0.56,  0.29,0
-1918.876, 2796.866, 999.000, 999.000, -0.32,  0.25,0
 4056.610, -963.541, 999.000, 999.000, -0.04,  0.28,0
 1665.896, 4160.295, 999.000, 999.000, -0.33,  0.27,0
 4202.328,-1284.270, 999.000, 999.000, -0.13,  0.22,0
 -463.796,-4602.218, 999.000, 999.000, -0.55,  0.22,0
-4280.483, 1005.605, 999.000, 999.000, -0.42,  0.28,0
-1065.337,-2276.648, 999.000, 999.000, -0.48,  0.22,0
  337.850, 1015.624, 999.000, 999.000, -0.59,  0.21,0
-2914.702,-4026.812, 999.000, 999.000, -0.53,  0.25,0
  335.898,-2645.088, 999.000, 999.000, -0.70,  0.27,0
-1111.795,-4887.982, 999.000, 999.000, -0.37,  0.22,0
-2327.984, 3788.909, 999.000, 999.000, -0.56,  0.24,0
-3893.628,-3558.214, 999.000, 999.000, -0.50,  0.26,0
-1267.128, 2476.247, 999.000, 999.000, -0.62,  0.23,0
 2825.752,  987.048, 999.000, 999.000, -1.23,  0.26,0
-1733.142, 2115.330, 999.000, 999.000, -0.37,  0.27,0
 -738.356, 1654.873, 999.000, 999.000, -0.54,  0.28,0
 2651.544, 2537.219,  18.161,   2.900, -0.58,  0.23,0
-1025.642, 3407.221, 999.000, 999.000, -0.48,  0.29,0
-1619.832,-1183.081, 999.000, 999.000, -0.80,  0.22,0
 2339.339, -243.511, 999.000, 999.000, -1.48,  0.28,0
 2728.347,-2555.835, 999.000, 999.000, -0.15,  0.29,0
  233.802, 2588.300, 999.000, 999.000, -1.03,  0.28,0
 2291.925,-1516.077, 999.000, 999.000, -0.81,  0.26,0
-1798.081,-2817.502, 999.000, 999.000, -0.35,  0.22,0
 2781.724, 3647.841, 999.000, 999.000, -0.89,  0.28,0
 2189.786,-3595.898, 999.000, 999.000, -0.82,  0.22,0
 3961.931,-3205.023, 999.000, 999.000, -0.35,  0.30,0
 4549.767, 3670.254, 999.000, 999.000, -1.17,  0.28,0
-3634.624, -147.425, 999.000, 999.000, -0.67,  0.25,0
-4567.444,-4145.803, 999.000, 999.000, -0.45,  0.29,0
-3739.396, 4615.314, 999.000, 999.000, -0.51,  0.29,0
-3885.795, 2178.898, 999.000, 999.000, -0.53,  0.22,0
 2083.266, 3998.092, 999.000, 999.000, -0.35,  0.28,0
-2531.260, -752.416, -69.833,   4.430, -0.81,  0.27,0
   71.679,-2673.769, 999.000, 999.000, -0.47,  0.28,0
  -92.507, 3751.345, 999.000, 999.000, -0.39,  0.22,0
  -46.440, 1613.330, 999.000, 999.000, -0.76,  0.25,0
 3908.857, 3050.653, 999.000, 999.000, -1.05,  0.29,0
-1665.523,-4429.428, -45.132,   3.830, -0.81,  0.23,0
 1598.197, 1431.184, -24.860,   4.050, -0.48,  0.28,0
-1393.869,   98.094,   1.833,   4.960, -0.80,  0.21,0
-3490.311,-1032.691, 999.000, 999.000, -0.65,  0.22,0
-4760.188, -968.269, 999.000, 999.000, -0.53,  0.22,0
  647.269, 3784.244, -18.157,   5.300, -0.24,  0.30,0
-2382.790, 3354.135, 999.000, 999.000, -0.80,  0.26,0
-4018.545,  518.508, 999.000, 999.000, -0.60,  0.23,0
 2211.168, -627.013, 999.000, 999.000, -0.76,  0.26,0
 2225.042,-2719.946, 999.000, 999.000, -1.01,  0.28,0
 2951.777, 3605.032, 999.000, 999.000, -0.36,  0.24,0
  660.706,-2832.891, 999.000, 999.000, -0.60,  0.22,0
-2695.747, 2731.482, 999.000, 999.000, -0.50,  0.22,0
  141.185, 4814.583, 999.000, 999.000, -0.03,  0.22,0
 1240.752,-4191.805, 999.000, 999.000, -0.50,  0.28,0
 2964.408, -601.170, 999.000, 999.000, -0.92,  0.20,0
-4743.229, 2456.672, 999.000, 999.000, -0.94,  0.28,0
-2756.781, 4825.047, 999.000, 999.000, -0.77,  0.26,0
 1956.199,-1293.732,  85.097,   4.020, -0.01,  0.28,0
-1974.415, 4339.078, -68.656,   4.230, -0.24,  0.23,0
 1862.046,-1860.245, 999.000, 999.000, -0.63,  0.28,0
  613.897,-1945.729,  -9.611,   6.730, -0.40,  0.22,0
 2521.402,-2113.425, -31.287,   4.450,  0.17,  0.29,0
-4512.104,-3610.505, 999.000, 999.000, -0.39,  0.25,0
 2794.768, 4085.003, 999.000, 999.000, -0.88,  0.25,0
-2345.836,-2276.164, 999.000, 999.000, -0.63,  0.22,0
 2727.354,  -56.784, 999.000, 999.000, -0.55,  0.28,0
-1307.117,-3750.793, -48.958,   3.020, -0.62,  0.28,0
-2563.996,-1881.562,  -7.667,   4.410, -0.60,  0.22,0
-2411.960,-1869.369, 999.000, 999.000, -0.31,  0.22,0
  339.538, -233.600, 999.000, 999.000, -0.62,  0.29,0
-3571.909, 3012.119, 999.000, 999.000, -0.73,  0.26,0
 1534.187, 3306.628, 999.000, 999.000, -0.39,  0.22,0
 -241.666, 2076.146, 999.000, 999.000, -0.62,  0.29,0
-1788.583,-1582.815, 999.000, 999.000, -0.75,  0.27,0
-3956.674, 4168.228, 999.000, 999.000, -0.95,  0.27,0
 4483.694,-4191.664, 999.000, 999.000, -0.36,  0.28,0
-3086.665, 3022.590, 999.000, 999.000, -0.35,  0.26,0
 4385.103,-2951.317, 999.000, 999.000, -0.26,  0.23,0
-2804.977,-1766.439, 999.000, 999.000, -0.79,  0.29,0
 2786.556,-4219.091, 999.000, 999.000, -0.90,  0.20,0
 -821.286,-3983.597, -23.893,   4.380, -0.27,  0.24,0
 3449.908,  839.634, 999.000, 999.000, -1.15,  0.28,0
-3422.008,-4825.275, 999.000, 999.000, -0.90,  0.20,0
  140.548,-1700.003, 999.000, 999.000, -0.81,  0.21,0
 3286.827,  186.964, 999.000, 999.000, -0.55,  0.23,0
-2794.829,  342.847, 999.000, 999.000, -0.66,  0.24,0
 2940.954,  421.180, -57.765,   4.520, -1.28,  0.30,0
 2127.168,-2413.000, 999.000, 999.000, -0.68,  0.29,0
-4172.953, 1261.143, 999.000, 999.000, -0.45,  0.26,0
-4803.074,-4313.540, 999.000, 999.000, -0.52,  0.23,0
 -984.275,-3975.957, 999.000, 999.000, -0.74,  0.25,0
 2692.804, 3857.414,  43.539,   5.340, -0.76,  0.29,0
 1905.092,  777.938,  -8.179,   4.300, -0.40,  0.26,0
 2585.966, 1365.702, 999.000, 999.000, -0.18,  0.24,0
 1026.556,-3050.229, 999.000, 999.000, -0.53,  0.22,0
 4869.231,   36.532, 999.000, 999.000, -0.10,  0.27,0
 3689.925,-2523.267, 999.000, 999.000, -0.82,  0.28,0
 4705.468, 2877.527, -17.895,   4.650, -0.35,  0.20,0
-2621.094, -565.130, 999.000, 999.000, -0.56,  0.28,0
 2659.888,-4625.791, -59.909,   4.840, -0.41,  0.28,0
 2667.553, 3082.011, 999.000, 999.000, -0.88,  0.26,0
  -43.024,-4686.286,  43.673,   2.900, -0.23,  0.29,0
 -636.498, 3979.529, 999.000, 999.000, -0.60,  0.26,0
  188.046, 2451.423, 999.000, 999.000, -0.41,  0.23,0
 4512.005, 2325.377, 999.000, 999.000, -0.85,  0.28,0
 2738.146,  258.201, 999.000, 999.000, -0.15,  0.27,0
  393.836, 2935.392, 999.000, 999.000,  0.23,  0.29,0
-2354.047, -817.084, 999.000, 999.000, -0.77,  0.30,0
 1695.564,-3883.967,  45.784,   4.130,  0.10,  0.27,0
 3976.282, 4661.936, 999.000, 999.000, -0.76,  0.20,0
-2601.485,-3424.034, 999.000, 999.000, -0.03,  0.29,0
-2437.045, -223.737, 999.000, 999.000, -0.24,  0.20,0
-1159.550, 3050.371, 999.000, 999.000, -0.63,  0.25,0
 3651.958,-2213.925, 999.000, 999.000, -0.61,  0.21,0
-3367.353, 2834.923, 999.000, 999.000, -0.71,  0.28,0
 -784.033, 3388.351, -10.225,   4.310, -0.70,  0.23,0
 3560.364,-2078.351, 999.000, 999.000, -0.80,  0.21,0
-3747.885,-1898.513, -50.088,   3.940, -0.96,  0.23,0
-2805.239, -239.271, 999.000, 999.000, -0.91,  0.23,0
-1029.293, -946.425, 999.000, 999.000, -0.58,  0.24,0
-2823.909, 1686.149, 999.000, 999.000, -0.70,  0.27,0
 3112.078,-4813.372, 999.000, 999.000, -0.16,  0.20,0
  812.180,-4078.678, 999.000, 999.000, -0.84,  0.29,0
 2434.105, 1740.648, 999.000, 999.000, -0.94,  0.27,0
 4104.095,-1525.092, 999.000, 999.000, -0.72,  0.27,0
 -327.748,   72.094, 999.000, 999.000, -0.83,  0.30,0
-4816.734, 3442.489, 999.000, 999.000, -1.23,  0.29,0
 4903.671, 2209.119, 999.000, 999.000, -0.79,  0.28,0
-4173.998,-3715.625, 999.000, 999.000, -0.65,  0.30,0
-1450.193,-1625.418, 999.000, 999.000, -0.61,  0.22,0
-3411.411,-2939.096,  28.996,   4.230, -0.55,  0.29,0
-3744.029,  997.933, 999.000, 999.000, -0.53,  0.21,0
  832.737, 2550.893, 999.000, 999.000, -0.23,  0.29,0
-1941.920, 3097.283, 999.000, 999.000, -0.63,  0.20,0
-2074.539,-3391.555, 999.000, 999.000, -0.46,  0.22,0
-3925.878,  649.582, 999.000, 999.000, -0.55,  0.21,0
  584.659, 4117.224, 999.000, 999.000, -0.70,  0.28,0
-4222.563, 4754.333, 999.000, 999.000, -0.72,  0.23,0
 4413.061, -926.923, 999.000, 999.000, -0.82,  0.29,0
 1739.440,-4851.052, 999.000, 999.000, -0.58,  0.29,0
 1391.401, 2049.435, 999.000, 999.000, -0.68,  0.28,0
-4848.805, -181.108, -33.146,   5.420, -0.18,  0.30,0
 2370.092,  892.196, 999.000, 999.000, -0.62,  0.28,0
-1560.123,-3735.270, 999.000, 999.000, -0.70,  0.20,0
-1827.157,-2388.227, 999.000, 999.000, -0.72,  0.20,0
 4417.210,  -44.673, -35.495,   5.050, -0.90,  0.26,0
 2196.496, -519.592, 999.000, 999.000,  0.10,  0.30,0
  426.081, 4164.839, 999.000, 999.000, -0.46,  0.22,0
-4966.246, 3550.550, 999.000, 999.000, -0.36,  0.30,0
-4497.140,-3250.798,-100.573,   4.750, -0.71,  0.24,0
 2795.010, 3622.603,-100.631,   6.310, -0.33,  0.25,0
-4088.404,-2970.480, 999.000, 999.000, -0.50,  0.23,0
 4351.088, 4719.606, 999.000, 999.000, -0.76,  0.24,0
 2878.270,-4471.739, -20.035,   3.830, -0.39,  0.21,0
 2840.735, 3078.924, 999.000, 999.000, -0.88,  0.28,0
-2675.503, 2943.938, -26.586,   4.800, -0.78,  0.28,0
   68.851,-1819.082, 999.000, 999.000, -0.81,  0.28,0
  598.172, 4388.754, -94.706,   3.020, -0.56,  0.27,0
 1950.122, 2933.002, -21.700,   5.150, -0.50,  0.22,0
 1306.214,-3116.157, 999.000, 999.000, -0.35,  0.23,0
-1697.309, 2914.489, -19.819,   5.860, -0.84,  0.24,0
-2211.342, 4408.680, 999.000, 999.000, -0.87,  0.26,0
-2485.132,-1339.640, 999.000, 999.000, -0.64,  0.21,0
 2380.686,-1105.337, -10.760,   6.020, -0.19,  0.23,0
-4561.046, 4126.424, 999.000, 999.000, -0.52,  0.24,0
-3075.126,-3608.438, 999.000, 999.000, -0.25,  0.26,0
 3665.360,-4818.813, 999.000, 999.000, -0.21,  0.29,0
-1708.640,  927.098, -19.711,   4.300, -0.32,  0.29,0
-1818.792, 1196.747, 999.000, 999.000, -0.71,  0.27,0
-4619.984,   47.175, 999.000, 999.000, -0.79,  0.24,0
 3601.477,-4210.348, -24.111,   4.540, -0.92,  0.30,0
-2881.122, -301.397, 999.000, 999.000,  0.08,  0.30,0
 4327.047,  278.842, 999.000, 999.000, -0.38,  0.24,0
 4110.496, 4032.659, 999.000, 999.000, -0.16,  0.27,0
-4502.424, 2904.177,   4.856,   4.330, -0.44,  0.27,0
 1542.288, 2194.550, 999.000, 999.000, -0.79,  0.29,0
-1827.160, 1935.621, 999.000, 999.000, -0.48,  0.22,0
-2153.616, 1504.639,-166.468,   4.160, -1.01,  0.24,0
  913.445,-1505.050, 999.000, 999.000, -0.66,  0.25,0
-1155.182,-4768.377, 999.000, 999.000, -0.31,  0.20,0
-2820.252, 2909.093, 999.000, 999.000, -0.42,  0.29,0
-3780.003,  723.377, 999.000, 999.000,  0.44,  0.29,0
 -162.073,-1330.444, 999.000, 999.000, -0.49,  0.26,0
-3468.442, 1704.419, 999.000, 999.000, -0.86,  0.27,0
-4994.045, 1572.324, 999.000, 999.000, -0.65,  0.23,0
 -276.579,-3258.697, 999.000, 999.000, -0.32,  0.27,0
 2711.661, 2463.166, 999.000, 999.000, -0.47,  0.27,0
-1040.864,  701.466, 999.000, 999.000, -1.45,  0.27,0
-2384.195,-3605.957,  25.448,   6.100, -0.00,  0.27,0
 2043.596,-4771.550, 999.000, 999.000,  0.02,  0.25,0
-1384.749, 1466.068, -66.115,   4.800, -0.82,  0.28,0
-3746.260, 3881.432, 999.000, 999.000, -1.04,  0.22,0
 4639.606,  431.392, 999.000, 999.000, -0.59,  0.21,0
-2071.954,  833.666, 999.000, 999.000, -0.59,  0.29,0
 3499.646, 1934.154, 999.000, 999.000, -0.78,  0.21,0
-2030.497,-1757.038, 999.000, 999.000, -0.26,  0.22,0
  817.013,-1280.729, 999.000, 999.000, -0.49,  0.23,0
-4370.801, 1429.811, 999.000, 999.000, -0.54,  0.21,0
-2486.042, 3211.685, 999.000, 999.000, -0.61,  0.29,0
 3592.100,-3383.864, 999.000, 999.000, -0.39,  0.25,0
 2728.979,-4972.498, 999.000, 999.000, -0.14,  0.26,0
-4180.460,-4136.267, 999.000, 999.000, -0.99,  0.26,0
-4203.879, 1354.743, 999.000, 999.000, -0.36,  0.28,0
-4602.092, 4374.896,  -0.812,   6.000, -0.66,  0.22,0
 1890.318,-4924.861, 999.000, 999.000, -0.98,  0.24,0
-2786.316, 1943.942, 999.000, 999.000, -0.24,  0.20,0
 -492.332,-2970.913, 999.000, 999.000, -0.63,  0.29,0
-4650.517,  278.022, 999.000, 999.000, -0.56,  0.28,0
  937.290, 3579.878, -27.486,   3.920, -0.40,  0.28,0
 2198.451,-2887.325, 999.000, 999.000, -0.17,  0.26,0
 3372.754, -572.039, -71.357,   4.380, -0.02,  0.21,0
-3867.963,  617.619, 999.000, 999.000, -0.72,  0.24,0
-1403.998, 3717.906, 999.000, 999.000, -0.42,  0.21,0
 -458.612,-3944.746, 999.000, 999.000, -0.53,  0.29,0
  228.632,-3122.926, 999.000, 999.000, -0.69,  0.27,0
-3153.271,-2922.750, 999.000, 999.000, -0.26,  0.24,0
-3879.651,-4637.437, 999.000, 999.000, -0.40,  0.22,0
-4974.679,-1560.893, -88.950,   4.260, -1.29,  0.30,0
 -181.061,-2611.802, 999.000, 999.000, -0.59,  0.27,0
-3192.115, 3970.937, -86.172,   4.330, -1.36,  0.21,0
 1823.421, 4039.446,   9.586,   3.880,  0.02,  0.29,0
 3370.646, 2649.593, 999.000, 999.000, -1.11,  0.29,0
 1285.948, 4088.760, 999.000, 999.000, -0.45,  0.29,0
 3653.519,-4016.899, 999.000, 999.000, -0.84,  0.29,0
-2790.035,-3187.258, 999.000, 999.000, -1.03,  0.22,0
 2963.528, -844.161, 999.000, 999.000, -0.65,  0.26,0
-3496.312,  542.358, 999.000, 999.000, -0.67,  0.21,0
 3680.090,-2544.697, 999.000, 999.000, -0.45,  0.27,0
  686.721, 4178.894, 999.000, 999.000, -0.38,  0.26,0
-2198.986, 2563.555, 999.000, 999.000, -0.63,  0.26,0
-2577.011, 3345.164,  -1.740,   5.760, -0.58,  0.23,0
-1250.900, 2438.189, 999.000, 999.000,  0.09,  0.29,0
-4053.900,-1891.256, 999.000, 999.000, -0.44,  0.23,0
-3600.450, 2107.834, 999.000, 999.000, -0.26,  0.29,0
 4740.524, 4206.562, 999.000, 999.000, -0.69,  0.22,0
 1092.002,-1657.984, 999.000, 999.000, -0.33,  0.23,0
-3073.268, -139.838, 999.000, 999.000, -0.69,  0.26,0
 3502.413, 3416.191, 999.000, 999.000, -0.60,  0.21,0
-1285.475, 1049.308, 999.000, 999.000, -1.23,  0.30,0
-4497.431, 2435.756, -55.864,   2.830, -0.96,  0.21,0
 4946.834, 4068.822, -36.213,   2.830, -0.68,  0.23,0
 2335.118,   -7.589, 999.000, 999.000, -0.23,  0.28,0
 4368.943,-1707.759, 999.000, 999.000, -0.43,  0.23,0
 3391.244,  -77.815,-101.644,   4.380, -0.78,  0.20,0
-2724.995,-4230.646,-118.879,   3.810,  0.04,  0.27,0
 3992.324, -172.430, 999.000, 999.000, -0.41,  0.26,0
-1896.235, 3442.122, 999.000, 999.000, -0.44,  0.21,0
-3486.259, 1674.260, 999.000, 999.000, -0.81,  0.26,0
 3079.615,-1995.712, 999.000, 999.000, -1.14,  0.29,0
 -324.790, 2613.778, 999.000, 999.000, -0.07,  0.26,0
 4230.467,-1151.932, 999.000, 999.000, -0.25,  0.23,0
-1586.127,-1549.976, -91.815,   4.540, -0.31,  0.20,0
 -935.890,-4005.784, 999.000, 999.000, -0.27,  0.23,0
  404.326, 4543.672, 999.000, 999.000, -0.15,  0.27,0
 2350.009,-3308.399, -51.285,   4.180, -0.37,  0.27,0
 1249.658,  206.900, 999.000, 999.000, -0.90,  0.24,0
-1083.772, 1780.550, 999.000, 999.000, -0.03,  0.29,0
    6.219, -500.068,  -3.799,   3.610, -1.00,  0.22,0
 2388.402,-4140.278, -68.787,   3.780, -0.99,  0.24,0
 -666.538, 4711.713, 999.000, 999.000, -0.85,  0.26,0
 -299.841,-4577.624, 999.000, 999.000, -0.14,  0.25,0
 3208.904,  821.263, 999.000, 999.000, -0.92,  0.23,0
 4729.793,-4455.303, 999.000, 999.000, -1.14,  0.23,0
 3081.456, 1895.909, 999.000, 999.000, -1.26,  0.28,0
 1193.502,-2736.270, 999.000, 999.000, -1.12,  0.25,0
 1204.415, 1837.667, 999.000, 999.000, -0.61,  0.27,0
 1834.539,  117.643, 999.000, 999.000, -0.37,  0.22,0
-4672.775, 2763.469, 999.000, 999.000, -0.34,  0.24,0
 1119.008,  916.847, 999.000, 999.000, -0.79,  0.30,0
 3925.838, 1219.682, 999.000, 999.000, -0.19,  0.22,0
   99.072, 3816.911,-112.685,   2.960, -0.86,  0.22,0
 2162.682,-3990.412, 999.000, 999.000, -0.64,  0.23,0
 -235.269, 4860.785, 999.000, 999.000, -0.41,  0.28,0
 1793.481,-4047.167, 999.000, 999.000, -0.39,  0.26,0
 -222.426,-4786.688, 999.000, 999.000, -0.69,  0.26,0
-3408.957,-1453.357, 999.000, 999.000, -0.67,  0.29,0
-3651.384, 2746.897, 999.000, 999.000, -0.57,  0.28,0
 -686.606,-3148.884, 999.000, 999.000, -0.14,  0.25,0
 2460.633,  803.767, 999.000, 999.000, -0.61,  0.26,0
 2290.007,-2151.617, 999.000, 999.000, -0.39,  0.26,0
 -498.027,  728.506, 999.000, 999.000, -0.26,  0.24,0
 4874.972,-4715.326, 999.000, 999.000, -0.60,  0.29,0
 4481.890, 2563.783, 999.000, 999.000, -0.69,  0.20,0
-1258.176, -514.045, 999.000, 999.000, -1.27,  0.21,0
  462.352,-2465.592, -45.886,   3.000, -0.18,  0.26,0
-4427.024,-3886.577,   8.893,   4.030, -0.95,  0.28,0
-2469.033, 4132.531, 999.000, 999.000, -0.10,  0.29,0
-4011.681, 4216.314, 999.000, 999.000, -0.51,  0.21,0
 4421.884, 4655.596, 999.000, 999.000, -0.90,  0.29,0
 2300.671,-3343.466, -48.445,   5.520, -0.40,  0.26,0
  630.794,-2381.228, 999.000, 999.000, -1.10,  0.26,0
-3623.116,-4024.446, 999.000, 999.000, -1.06,  0.23,0
 2104.430, 2634.155, 999.000, 999.000, -0.82,  0.24,0
 4106.693,-2349.432, 999.000, 999.000, -0.15,  0.25,0
 2953.240,-2432.781, 999.000, 999.000, -0.26,  0.23,0
-2438.657,-3090.545, 999.000, 999.000, -0.51,  0.21,0
 3540.639, 3259.924,-125.898,   2.610, -0.40,  0.20,0
 3278.446,  289.613, 999.000, 999.000, -0.87,  0.23,0
-1221.536, 2762.569, 999.000, 999.000, -1.29,  0.30,0
  865.846, 2342.418, 999.000, 999.000, -1.12,  0.23,0
-4194.108, -771.066, 999.000, 999.000, -0.48,  0.30,0
 4586.756, -742.718, -47.168,   3.050, -0.55,  0.28,0
 3820.778,-4879.853,-173.680,   4.160, -0.87,  0.30,0
-3436.770, 2230.755, 999.000, 999.000, -0.73,  0.25,0
-1251.057,  -54.075, 999.000, 999.000,  0.04,  0.26,0
   23.701,-3850.252, 999.000, 999.000, -1.19,  0.27,0
 4115.795, 3509.749, 999.000, 999.000, -0.86,  0.27,0
-2501.582,-4112.829, 999.000, 999.000, -0.60,  0.24,0
-1848.073, -215.493, 999.000, 999.000, -0.45,  0.22,0
-2530.774, -828.300, 999.000, 999.000, -0.82,  0.22,0
 2452.433, 2193.403, 999.000, 999.000, -0.27,  0.29,0
-2105.294,-2854.733, 999.000, 999.000, -0.78,  0.20,0
 3748.795,-4146.684, 999.000, 999.000, -0.41,  0.24,0
 -254.449,-3954.287, 999.000, 999.000, -1.23,  0.28,0
 -928.219, 3974.197, 999.000, 999.000, -0.39,  0.27,0
-4043.782,-4180.784,   4.424,   4.230, -0.42,  0.25,0
-4023.557,-4656.812, 999.000, 999.000, -0.81,  0.20,0
 4534.208,-2956.479,   6.542,   7.570, -0.55,  0.29,0
 -598.952, 4981.690, 999.000, 999.000, -0.65,  0.21,0
 3255.221, 1775.237, 999.000, 999.000, -0.12,  0.26,0
-1147.214, 1559.447,-125.762,   5.780, -0.64,  0.25,0
 1920.451,-3343.062, 999.000, 999.000, -0.44,  0.26,0
  840.554,  202.705, 999.000, 999.000, -1.01,  0.27,0
-1596.906,-4415.848, 999.000, 999.000, -0.61,  0.22,0
-3606.419, -623.230, 999.000, 999.000, -0.43,  0.22,0
-2034.604, -511.042, 999.000, 999.000, -0.67,  0.24,0
-4056.262,-2481.123,-197.778,   5.180, -0.92,  0.27,0
  506.548, 2557.208, 999.000, 999.000, -0.35,  0.24,0
  854.186, 1974.534, 999.000, 999.000, -0.67,  0.23,0
 2547.146,-2027.109, 999.000, 999.000, -1.12,  0.24,0
 3720.283, -194.928, 999.000, 999.000, -0.84,  0.24,0
 3420.676,-1988.816, 999.000, 999.000, -0.76,  0.22,0
-1074.504,  918.953,   9.941,   2.470, -0.44,  0.28,0
-1897.572,-4732.076, 999.000, 999.000, -0.08,  0.27,0
-1901.805,  927.675, 999.000, 999.000, -0.53,  0.20,0
 3533.737, -414.256, 999.000, 999.000, -1.02,  0.22,0
 4198.399,-2197.662, 999.000, 999.000, -0.63,  0.22,0
 3617.858, 3899.705, 999.000, 999.000, -0.29,  0.24,0
 -223.073, 2049.502,   0.912,   3.090, -0.29,  0.29,0
 -735.104, 2372.922, 999.000, 999.000, -0.64,  0.26,0
-3526.151, 2061.844, 999.000, 999.000, -0.30,  0.24,0
   -2.012,-3074.007, 999.000, 999.000, -0.20,  0.27,0
-3684.767, 4247.014, 999.000, 999.000, -0.61,  0.30,0
 4516.650, 3649.310,  14.317,   5.420, -0.38,  0.28,0
 -585.833,-3362.865, 999.000, 999.000, -0.55,  0.24,0
  905.890, 3787.419, 999.000, 999.000, -0.59,  0.24,0
 3677.385,-3192.588, 999.000, 999.000, -0.58,  0.26,0
 1768.861, 1527.376, 999.000, 999.000, -0.51,  0.27,0
 4881.552, 1817.763, 999.000, 999.000, -0.87,  0.28,0
 1721.761,-1369.661, 999.000, 999.000, -0.04,  0.23,0
-3468.193,-2903.650, -40.323,   5.230, -0.49,  0.20,0
 2397.902,  738.721, 999.000, 999.000, -0.30,  0.25,0
-4123.636,-1956.579, 999.000, 999.000, -0.60,  0.20,0
 3715.445,-1111.411, 999.000, 999.000, -0.75,  0.25,0
-3823.856, 3363.836, -27.614,   5.520, -0.74,  0.24,0
 2713.866,-2586.741, 999.000, 999.000, -0.55,  0.23,0
 -890.879, 3046.044, 999.000, 999.000, -0.46,  0.23,0
 3752.893, 3112.589, 999.000, 999.000, -0.30,  0.26,0
 1862.754,  370.576, 999.000, 999.000,  0.06,  0.23,0
 3890.756,-3433.954, -73.664,   5.520, -0.97,  0.21,0
 2754.460,-3556.542, 999.000, 999.000, -1.18,  0.29,0
-3492.498, 2410.823, 999.000, 999.000, -0.43,  0.22,0
-1084.959, 4190.485, 999.000, 999.000, -0.52,  0.30,0
  768.113, 3052.285, 999.000, 999.000, -1.16,  0.25,0
 2345.985, 1936.223, 999.000, 999.000, -0.53,  0.26,0
-2408.045, 2432.805, 999.000, 999.000, -0.59,  0.24,0
 4420.668,-3655.026, 999.000, 999.000, -0.70,  0.23,0
   43.992,   88.308, 999.000, 999.000, -0.92,  0.22,0
 -791.524, 4899.528, 999.000, 999.000, -0.30,  0.21,0
 2437.246,  429.348, 999.000, 999.000, -0.66,  0.30,0
 4234.305,-1311.525, 999.000, 999.000, -0.69,  0.26,0
 4882.235, 1142.803, -21.128,   4.110, -0.76,  0.21,0
-2398.121,  511.870, 999.000, 999.000, -0.48,  0.23,0
-1555.226,-1054.683, 999.000, 999.000, -0.92,  0.21,0
 -921.572,-3376.403, 999.000, 999.000, -0.77,  0.29,0
 2924.824,-1287.066, 999.000, 999.000, -0.66,  0.27,0
 3168.072,-4597.187, 999.000, 999.000, -0.24,  0.24,0
 1355.048, 2090.249,-122.098,   4.410, -1.27,  0.30,0
 3737.430,-4483.001, -83.262,   4.250, -0.54,  0.27,0
-2519.419,-1091.995, -23.237,   6.100, -0.53,  0.23,0
  -32.565, 3457.528, 999.000, 999.000, -0.07,  0.26,0
-4516.219,  507.367, 999.000, 999.000, -0.96,  0.28,0
-4210.419,-2818.486, 999.000, 999.000, -0.45,  0.24,0
 2541.529, 4141.895, 999.000, 999.000, -0.09,  0.25,0
 1093.947,-1101.612, 999.000, 999.000, -0.77,  0.29,0
 3982.247, 2081.003, -16.700,   2.930, -0.47,  0.20,0
 1830.961,-2649.277, 999.000, 999.000, -0.83,  0.24,0
 2007.875,-2007.695, 999.000, 999.000, -0.86,  0.28,0
-3776.445, 4319.280, 999.000, 999.000, -0.84,  0.23,0
  746.359, 1349.402, 999.000, 999.000, -0.85,  0.26,0
 1897.962, 2737.590, 999.000, 999.000, -1.13,  0.27,0
 3603.981,-1431.304, 999.000, 999.000, -0.68,  0.22,0
  166.456,  952.951, 999.000, 999.000, -1.13,  0.22,0
  594.891, 3877.649, 999.000, 999.000, -0.36,  0.24,0
 -272.445,-1511.203, 999.000, 999.000, -0.12,  0.26,0
 1928.038,-4065.629, 999.000, 999.000, -0.52,  0.27,0
 -944.912, 3840.438, 999.000, 999.000, -0.48,  0.23,0
 2494.063,-1514.631, 999.000, 999.000, -0.76,  0.24,0
 1901.686,  201.822, 999.000, 999.000, -0.44,  0.27,0
 3311.857, 4181.830, 999.000, 999.000, -0.74,  0.22,0
-1076.592, -804.145, 999.000, 999.000, -0.80,  0.22,0
-3471.785, 3373.148, 999.000, 999.000, -0.87,  0.27,0
 4352.211, 4388.193, 999.000, 999.000, -0.57,  0.23,0
 4387.829,-2384.747,  34.953,   3.790, -0.84,  0.24,0
 2880.206,-3818.460, 999.000, 999.000,  0.15,  0.21,0
-1227.036, 2742.025, -66.438,   4.090, -0.42,  0.25,0
-4730.753, 4198.656, 999.000, 999.000, -0.68,  0.22,0
 -340.090, 1418.484, 999.000, 999.000, -0.64,  0.23,0
 4645.924, 4244.143,  25.109,   4.440, -0.64,  0.28,0
 2170.212, 1196.536, 999.000, 999.000,  0.14,  0.30,0
 1950.437, 3307.473, 999.000, 999.000,  0.06,  0.20,0
-2143.686,-2883.048, 999.000, 999.000, -0.59,  0.24,0
-3332.795,-3095.969,  -2.269,   5.760, -1.06,  0.24,0
-4961.765,-1562.825, -22.089,   5.300, -0.49,  0.20,0
 1261.093,-3066.540, 999.000, 999.000, -0.35,  0.20,0
-2388.961, -127.973, 999.000, 999.000, -0.63,  0.22,0
 -273.148, 1146.863, 999.000, 999.000, -0.37,  0.21,0
 2850.269, 2155.232, 999.000, 999.000, -0.53,  0.27,0
  339.729,-3952.584, 999.000, 999.000, -0.82,  0.27,0
 -911.787,   84.267, 999.000, 999.000, -1.15,  0.26,0
-2658.907, 2242.540, 999.000, 999.000, -1.04,  0.23,0
-2998.961, 3111.266, 999.000, 999.000, -1.10,  0.20,0
  631.911, 2064.198, 999.000, 999.000, -0.78,  0.23,0
-1880.928,-1686.380, 999.000, 999.000, -0.41,  0.23,0
 4101.468,-4426.292, 999.000, 999.000, -0.65,  0.26,0
 4070.167, -941.818, 999.000, 999.000, -0.56,  0.29,0
 2507.043,  557.517, 999.000, 999.000, -1.18,  0.30,0
