X_pc,Y_pc,vr,d_vr,FeH,d_FeH,flag
 -134.383,  -62.291, 999.000, 999.000, -1.66,  0.27,1
 -153.143,  185.559, 999.000, 999.000, -1.39,  0.28,1
   22.080,   29.639, 999.000, 999.000, -1.49,  0.26,1
 -379.466,  276.665, 999.000, 999.000, -0.96,  0.28,1
 -322.440,  345.990, 999.000, 999.000, -1.54,  0.21,1
  -30.474,  231.684, 999.000, 999.000, -2.09,  0.26,1
 -243.576,   77.372, 256.394,   5.830, -1.88,  0.28,1
 -188.418,  171.570, 287.124,   5.040, -1.81,  0.27,1
   86.407,   26.341, 999.000, 999.000, -1.59,  0.28,1
  -18.368,   -3.017, 999.000, 999.000, -1.58,  0.28,1
 -178.344,  -44.278, 999.000, 999.000, -1.67,  0.25,1
 -442.597,   88.646, 999.000, 999.000, -2.28,  0.28,1
 -210.863,  -42.913, 999.000, 999.000, -1.51,  0.24,1
 -233.791,   15.439, 999.000, 999.000, -1.77,  0.27,1
 -210.344,   39.721, 274.034,   2.140, -1.87,  0.27,1
   11.425,  148.774, 999.000, 999.000, -1.41,  0.24,1
   33.609,   11.015, 999.000, 999.000, -1.81,  0.23,1
 -487.571,  340.579, 999.000, 999.000, -1.88,  0.22,1
 -169.177,  172.523, 999.000, 999.000, -2.13,  0.28,1
  -19.192,   20.740, 999.000, 999.000, -1.63,  0.25,1
   -9.791, -242.307, 999.000, 999.000, -1.71,  0.25,1
 -200.669,  130.564, 269.632,   4.120, -1.55,  0.21,1
 -228.128, -237.749, 999.000, 999.000, -1.84,  0.28,1
 -233.038,  185.299, 999.000, 999.000, -1.65,  0.22,1
   39.214, -118.332, 999.000, 999.000, -1.53,  0.24,1
 -404.308,   80.045, 267.096,   6.490, -1.33,  0.29,1
  146.834,  -86.137, 258.825,   4.200, -1.63,  0.22,1
 -126.583,  256.887, 274.425,   4.270, -1.76,  0.22,1
 -249.035,  187.965, 269.886,   4.400, -1.75,  0.29,1
 -332.294,  472.962, 999.000, 999.000, -1.98,  0.22,1
 -405.405,  -86.068, 999.000, 999.000, -1.81,  0.23,1
   56.422,   55.302, 287.625,   2.900, -1.88,  0.28,1
 -456.992,  218.227, 258.356,   4.200, -1.34,  0.24,1
  127.719, -247.432, 999.000, 999.000, -1.17,  0.25,1
 -395.934,  142.409, 999.000, 999.000, -1.79,  0.30,1
 -201.082,  242.526, 999.000, 999.000, -1.54,  0.29,1
 -156.630,   91.175, 999.000, 999.000, -1.97,  0.22,1
 -197.369,  143.577, 999.000, 999.000, -1.37,  0.24,1
 -475.842,  289.860, 999.000, 999.000, -1.49,  0.28,1
 -122.959,   72.444, 999.000, 999.000, -1.15,  0.23,1
 -267.195,  214.380, 266.577,   4.310, -1.40,  0.22,1
-3674.913,-2214.929, 999.000, 999.000, -1.01,  0.21,0
-4446.112,-3452.300,  28.576,   4.960, -0.83,  0.27,0
-1426.087,-3649.261, 999.000, 999.000, -0.70,  0.25,0
 2459.543, 2587.222, 999.000, 999.000, -0.94,  0.29,0
-3406.046, 4823.636, 999.000, 999.000, -1.02,  0.27,0
 3930.753,-3798.415, 999.000, 999.000, -0.68,  0.24,0
 4065.950,-4386.728, 999.000, 999.000, -1.34,  0.25,0
-3116.982,-1804.723, 999.000, 999.000, -0.90,  0.21,0
   -7.621, 4363.914, 999.000, 999.000, -1.03,  0.24,0
-3500.036, 2191.200, 999.000, 999.000, -0.33,  0.28,0
-4883.236,-3120.199, 999.000, 999.000, -0.82,  0.29,0
 -755.303,-2454.151,  33.519,   6.020, -0.64,  0.26,0
  448.782,-3090.363, 124.005,   4.270, -0.72,  0.27,0
 -806.106,-4948.149, 999.000, 999.000, -1.19,  0.27,0
   64.560,-2641.295,  91.165,   2.890, -0.87,  0.24,0
 2754.999, 4923.993, 999.000, 999.000, -1.08,  0.23,0
-2513.142, 1792.223,  -3.106,   4.230, -1.41,  0.26,0
  524.150,-2860.863,  49.283,   4.530, -1.06,  0.29,0
 2858.866,-2400.051, 999.000, 999.000, -1.82,  0.30,0
 1453.226,  -93.378, 999.000, 999.000, -0.81,  0.24,0
 1989.236, 4098.958, 999.000, 999.000, -0.69,  0.22,0
-4505.388,-1780.498, 999.000, 999.000, -0.89,  0.26,0
 2060.617,-1362.368,  68.838,   4.090, -0.81,  0.26,0
  452.017, -625.585, 999.000, 999.000, -1.06,  0.23,0
-3790.299, -129.463, 999.000, 999.000, -0.66,  0.29,0
 -955.468, -867.192, 999.000, 999.000, -1.09,  0.24,0
  433.159, 1977.574, 999.000, 999.000, -1.07,  0.24,0
-4628.897,  790.017,  89.689,   5.150, -1.19,  0.28,0
  699.535,-1517.961, 999.000, 999.000, -0.79,  0.29,0
-2450.486, 4610.402,  34.553,   4.670, -0.50,  0.20,0
-2815.095,-4188.373, 999.000, 999.000, -1.27,  0.23,0
  188.094, -705.378, 999.000, 999.000, -0.80,  0.27,0
 -674.709, 3552.024, 999.000, 999.000, -0.71,  0.22,0
 2425.752, 1451.358,  84.310,   4.310, -0.75,  0.26,0
-4954.320,-3499.823, 999.000, 999.000, -1.24,  0.22,0
 -299.249, -579.340, 999.000, 999.000, -0.85,  0.26,0
   79.272, -969.626,  40.648,   3.860, -0.69,  0.26,0
 2393.194, 1572.596,  81.456,   4.930, -0.83,  0.20,0
-4481.224, 3034.729, 999.000, 999.000, -1.22,  0.24,0
-3207.987,-2735.494, 999.000, 999.000, -1.05,  0.24,0
 3836.898,-1916.116,  88.435,   3.830, -1.15,  0.22,0
-3020.487, -224.381, 999.000, 999.000, -0.84,  0.23,0
 3533.138, -336.872, 999.000, 999.000, -1.16,  0.25,0
  -86.851,  -93.847, 999.000, 999.000, -1.16,  0.22,0
 4559.911,-1382.939, 999.000, 999.000, -0.87,  0.25,0
-1035.679,-3390.871, 999.000, 999.000, -1.02,  0.30,0
 2794.695, -709.006, 999.000, 999.000, -0.74,  0.27,0
 4047.341, 1260.427, 999.000, 999.000, -1.01,  0.23,0
 3262.446, 2185.186, 999.000, 999.000, -0.89,  0.24,0
-1240.621,-2925.568, 999.000, 999.000, -1.31,  0.27,0
-3661.676, -666.721, 999.000, 999.000, -1.02,  0.29,0
 2535.035, 1816.626, 999.000, 999.000, -1.34,  0.28,0
-3545.674,-4595.646, 999.000, 999.000, -1.13,  0.21,0
-3495.673, 4863.605, 999.000, 999.000, -1.02,  0.28,0
  764.475, 3707.106, 999.000, 999.000, -0.83,  0.23,0
 2236.226, 1232.301, 999.000, 999.000, -1.54,  0.26,0
 2725.828, 4741.305, 999.000, 999.000, -1.38,  0.25,0
  758.830,  949.633, 999.000, 999.000, -0.38,  0.27,0
-2124.198,-1700.272, 999.000, 999.000, -1.32,  0.29,0
-3271.432,-2938.357, 999.000, 999.000, -1.14,  0.24,0
-4467.866,  801.817, 999.000, 999.000, -1.37,  0.25,0
-2456.854, 3479.102, 999.000, 999.000, -1.05,  0.25,0
  -98.182, 3276.873, 999.000, 999.000, -0.85,  0.21,0
  581.818,-4106.471, -17.874,   4.560, -1.13,  0.30,0
 2389.448, 3066.879, 999.000, 999.000, -1.11,  0.26,0
  646.227, 4353.832, 999.000, 999.000, -0.74,  0.26,0
 1277.761,-3224.693, 999.000, 999.000, -1.32,  0.26,0
 -383.469,-3052.699, 999.000, 999.000, -0.31,  0.28,0
-1343.077,-2575.777, 999.000, 999.000, -1.06,  0.29,0
 -322.790,-2641.772, 999.000, 999.000, -0.61,  0.20,0
-1465.856, 2292.725, 999.000, 999.000, -0.59,  0.24,0
-4000.130, 3028.345, 999.000, 999.000, -1.07,  0.28,0
 1616.749,-3431.509, 999.000, 999.000, -0.39,  0.27,0
  231.257, 3603.490, 999.000, 999.000, -1.03,  0.22,0
   -4.735, 1714.901, 999.000, 999.000, -0.98,  0.26,0
  903.043,-1089.453,  42.108,   5.070, -1.05,  0.27,0
 -455.033, 2022.752, 999.000, 999.000, -0.87,  0.25,0
-1535.069, 2442.964, 999.000, 999.000, -1.18,  0.28,0
  146.404, 4853.873, 120.415,   5.830, -0.71,  0.24,0
-4498.217, 3804.197, 999.000, 999.000, -0.62,  0.28,0
 -314.057,  794.865, 999.000, 999.000, -0.64,  0.27,0
-3976.912, 4177.394,  11.130,   4.140, -0.93,  0.29,0
-4848.988,-2601.159, 999.000, 999.000, -0.97,  0.30,0
  -26.563,  568.414, 999.000, 999.000, -0.81,  0.21,0
 4623.056,-2917.642,  86.119,   4.140, -1.43,  0.27,0
  808.399, 1574.380, 999.000, 999.000, -0.54,  0.28,0
  792.679,-4885.456, 999.000, 999.000, -0.64,  0.29,0
-3572.786, 3032.457, 999.000, 999.000, -0.77,  0.22,0
  -49.174,-4399.408,  44.483,   5.520, -0.83,  0.25,0
-4139.972,  993.621, 999.000, 999.000, -0.92,  0.21,0
 3866.603, 4912.501, 999.000, 999.000, -0.90,  0.21,0
 -492.846, 4720.396, 999.000, 999.000, -1.21,  0.29,0
 -177.072,-1514.401, 999.000, 999.000, -0.86,  0.27,0
-4269.033, 1949.445, 999.000, 999.000, -0.85,  0.23,0
-2783.834, 3561.054, 999.000, 999.000, -0.95,  0.28,0
 3949.721,-1425.293, 999.000, 999.000, -0.27,  0.23,0
  236.666, -862.746, -25.099,   4.400, -1.04,  0.21,0
 2219.226,  550.177, 999.000, 999.000, -0.70,  0.24,0
-3971.439, 1627.508, 999.000, 999.000, -1.11,  0.26,0
 1626.547,-4816.733, 999.000, 999.000, -1.21,  0.24,0
-4823.156, 2571.597, 999.000, 999.000, -1.14,  0.21,0
 1657.236, 3287.231, 999.000, 999.000, -1.07,  0.27,0
 4785.146, 1177.043, 999.000, 999.000, -1.16,  0.26,0
  180.480, 2882.767, 999.000, 999.000, -1.28,  0.29,0
-3384.189, 3890.721, 999.000, 999.000, -1.05,  0.24,0
-4346.592,-2649.969,  13.947,   4.010, -0.21,  0.30,0
-1016.908,-2201.177, 999.000, 999.000, -0.70,  0.26,0
-3189.917, -483.898, 999.000, 999.000, -0.90,  0.25,0
-2949.866, 4635.504, 999.000, 999.000, -0.71,  0.26,0
-3048.606,-3092.669, 999.000, 999.000, -1.57,  0.24,0
-1983.902, 2725.688,  48.126,   5.460, -1.17,  0.25,0
 1422.204, -745.171, 999.000, 999.000, -0.96,  0.21,0
-4493.381, 3372.796, 999.000, 999.000, -1.37,  0.26,0
-1633.413,-1586.834, 127.336,   5.310, -1.54,  0.29,0
  156.782,  161.636, 999.000, 999.000, -0.90,  0.22,0
 3065.947,-3442.251, 999.000, 999.000, -0.42,  0.22,0
 -560.518, -367.195, 999.000, 999.000, -0.88,  0.26,0
-2588.871, 3159.728, 999.000, 999.000, -1.44,  0.29,0
 2071.624,-4998.009, 999.000, 999.000, -1.14,  0.24,0
-2148.514,   73.177,  17.229,   4.090, -1.13,  0.21,0
 2829.303, 4819.264, 999.000, 999.000, -0.95,  0.30,0
 -671.652, 1768.310, 999.000, 999.000, -0.43,  0.23,0
 1587.161, 1370.918,  57.466,   3.240, -0.80,  0.29,0
-2018.642, 4641.449, 999.000, 999.000, -0.80,  0.24,0
-2277.495, -763.056, 999.000, 999.000, -0.71,  0.26,0
 1742.482,  -56.789, 999.000, 999.000, -0.66,  0.28,0
 1058.333,  592.602, 108.840,   3.020, -0.67,  0.23,0
 -568.991, 3660.409, 999.000, 999.000, -0.92,  0.27,0
-2852.691, 3739.562, 999.000, 999.000, -0.89,  0.23,0
 4346.189, 3128.006, 999.000, 999.000, -1.24,  0.28,0
 2378.703,-3500.240, 999.000, 999.000, -0.45,  0.29,0
-3310.674,-3363.351, 999.000, 999.000, -0.97,  0.29,0
 -239.005,-1963.722, 999.000, 999.000, -1.04,  0.21,0
-3622.388,-2084.039, 999.000, 999.000, -0.76,  0.28,0
  463.383,-4047.695, 160.899,   4.410, -1.26,  0.29,0
-2559.118, 1499.915,  -2.145,   4.220, -0.48,  0.29,0
-4457.760, 4414.308, 999.000, 999.000, -0.90,  0.28,0
  365.605,-3347.052, 999.000, 999.000, -0.79,  0.26,0
-3380.138, 4182.562, 999.000, 999.000, -0.39,  0.30,0
 2502.026,-3351.754, -36.935,   5.120, -0.99,  0.23,0
 2551.304,-1969.730,  43.062,   4.960, -0.57,  0.28,0
 -958.402,-2507.037, 999.000, 999.000, -1.35,  0.29,0
 3958.659,-2469.021,  64.378,   5.730, -0.90,  0.22,0
 3724.057, 1778.497, 999.000, 999.000, -0.72,  0.24,0
-4795.388, 3537.228, 999.000, 999.000, -0.61,  0.29,0
 3911.387,-4905.192, 999.000, 999.000, -0.57,  0.21,0
-2349.862,   34.987, 999.000, 999.000, -1.36,  0.28,0
 4752.507,  468.490,  45.442,   5.130, -1.29,  0.30,0
-4671.310,-3766.564,  82.959,   5.830, -0.66,  0.21,0
 4646.072, 1160.011, 999.000, 999.000, -0.04,  0.28,0
 2325.962,-1971.964, 999.000, 999.000, -1.00,  0.22,0
 1182.984,  659.937, 999.000, 999.000, -1.01,  0.27,0
 2609.625, -820.921, 999.000, 999.000, -0.95,  0.26,0
 4453.899,-2944.908, 999.000, 999.000, -1.19,  0.29,0
-1941.931, -450.836, 999.000, 999.000, -1.18,  0.20,0
 3602.261,-4875.798, -73.923,   4.070, -1.35,  0.22,0
-3932.777,-4494.593, 999.000, 999.000, -1.15,  0.28,0
  433.687, 2920.312, 999.000, 999.000, -0.97,  0.26,0
  239.092, -126.178, 999.000, 999.000, -0.53,  0.27,0
 -835.207, 2970.859, 999.000, 999.000, -0.77,  0.24,0
-4420.279, 2541.898, 999.000, 999.000, -0.73,  0.21,0
 1880.407, 1859.838, 999.000, 999.000, -0.83,  0.21,0
-3476.864,  831.281, 999.000, 999.000, -0.80,  0.23,0
 -181.277, 3475.891, 999.000, 999.000, -1.21,  0.23,0
  577.512,-2578.664, 999.000, 999.000, -0.94,  0.23,0
 2623.110,-4224.141, 999.000, 999.000, -0.52,  0.23,0
 2504.968,-2948.640, 999.000, 999.000, -0.81,  0.22,0
 3202.423, -514.182,  78.370,   4.250, -1.27,  0.27,0
 1038.753,  409.300,  20.739,   4.230, -0.95,  0.20,0
 1783.740,-3676.934, 999.000, 999.000, -1.02,  0.23,0
 2076.238,-2932.326, 121.179,   4.170, -0.73,  0.25,0
-4343.320,-3195.982, 999.000, 999.000, -0.99,  0.26,0
 -785.433, 2939.060, 999.000, 999.000, -1.13,  0.26,0
 1117.280,-3355.454,  -2.738,   4.880, -0.52,  0.24,0
 4013.269,-1945.546, 999.000, 999.000, -0.38,  0.28,0
 4717.243,-1488.780, 999.000, 999.000, -1.03,  0.21,0
 3568.396, 2558.359,  62.456,   6.230, -1.02,  0.25,0
 1574.574,-1037.620, 999.000, 999.000, -0.88,  0.26,0
 -653.883,-1515.830, 999.000, 999.000, -1.12,  0.29,0
 2852.172,-1033.215, 999.000, 999.000, -0.85,  0.28,0
-4373.720,-1720.220, 999.000, 999.000, -0.91,  0.23,0
 3346.770,-1533.385, 999.000, 999.000, -0.80,  0.23,0
-4020.290, 3645.123, 999.000, 999.000, -0.63,  0.21,0
 4219.227,-3203.014, 134.807,   2.980, -0.81,  0.30,0
-2726.881, 1754.667, 999.000, 999.000, -0.91,  0.23,0
-3902.259, 2329.538, 999.000, 999.000, -0.79,  0.26,0
 -941.690, -826.980, 999.000, 999.000, -0.70,  0.28,0
 3758.145,-1584.900,  53.384,   3.270, -1.02,  0.20,0
 1864.464, 1153.290, 999.000, 999.000, -0.92,  0.22,0
 -902.144,  668.012, 999.000, 999.000, -0.88,  0.28,0
-2138.813, 4359.836, 999.000, 999.000, -0.96,  0.25,0
-3185.954,-4170.470, -34.136,   4.330, -0.80,  0.25,0
  183.256,-1541.331, 999.000, 999.000, -1.08,  0.25,0
 4823.664, 2281.687, 999.000, 999.000, -0.48,  0.27,0
 2251.536,  137.128,  53.956,   4.930, -0.67,  0.20,0
 3053.376,-4262.885, 999.000, 999.000, -1.16,  0.22,0
-4955.053, 4055.476, 999.000, 999.000, -1.18,  0.21,0
-3439.805, 2716.255, 999.000, 999.000, -0.93,  0.24,0
 4808.731,-1920.958, 999.000, 999.000, -0.88,  0.30,0
 2500.796,-2292.779, 999.000, 999.000, -1.11,  0.20,0
-3206.696,-2638.171, 999.000, 999.000, -0.39,  0.24,0
  580.181,-1727.559, 999.000, 999.000, -0.67,  0.27,0
  474.734, 3141.575, 999.000, 999.000, -1.11,  0.25,0
-3759.412,-2205.215, 999.000, 999.000, -0.64,  0.23,0
-2097.955,-1467.976,  29.824,   4.540, -0.76,  0.25,0
-2472.243, 2379.523, 999.000, 999.000, -1.22,  0.21,0
-3235.834, -643.987, 999.000, 999.000, -1.17,  0.21,0
 3648.323, 2351.601,  87.888,   5.480, -0.94,  0.25,0
 1849.064, 1007.370, 999.000, 999.000, -0.97,  0.27,0
-2375.989,-2951.509, 999.000, 999.000, -1.27,  0.23,0
 1963.310,-2132.701, 999.000, 999.000, -0.95,  0.29,0
  233.192, -612.980, 999.000, 999.000, -0.91,  0.20,0
 4409.696,-3207.223, 999.000, 999.000, -1.13,  0.20,0
  639.657,-3309.469, 135.141,   5.520, -1.29,  0.22,0
 2670.503, 3571.958, 999.000, 999.000, -0.92,  0.20,0
 2635.231, 2512.948, 999.000, 999.000, -0.84,  0.29,0
-4066.934, 3364.359, 999.000, 999.000, -0.35,  0.29,0
-4337.669,  804.805, 999.000, 999.000, -0.59,  0.28,0
 1961.139, 3931.232, 999.000, 999.000, -0.57,  0.28,0
-1634.629,-3282.470, 999.000, 999.000, -0.74,  0.25,0
 4985.484, 3973.571, 999.000, 999.000, -0.97,  0.26,0
 4295.187, 3709.455, 999.000, 999.000, -0.83,  0.21,0
 1850.858, 3382.800, 999.000, 999.000, -1.36,  0.24,0
-3113.137,  297.933, 136.752,   4.960, -0.46,  0.22,0
 4035.163,-3528.698, 999.000, 999.000, -0.72,  0.22,0
 -512.776,-4880.444, 999.000, 999.000, -0.27,  0.22,0
 1292.333,-3171.113,  34.683,   4.820, -0.91,  0.27,0
 3963.153,-1916.857, 999.000, 999.000, -0.95,  0.25,0
-2635.191, 3871.344, 999.000, 999.000, -1.14,  0.28,0
 1787.733,  122.987, 999.000, 999.000, -0.93,  0.29,0
   31.193,-4513.074, 999.000, 999.000, -1.13,  0.25,0
 3616.204, 1909.733, 999.000, 999.000, -0.98,  0.21,0
 -456.734, 3582.801, 999.000, 999.000, -1.20,  0.27,0
 3774.857, -691.411, 999.000, 999.000, -0.59,  0.26,0
 2106.114,-4554.458, 999.000, 999.000, -0.86,  0.26,0
  445.839,-2739.328, 999.000, 999.000, -1.00,  0.22,0
  856.873, 1821.748, 999.000, 999.000, -0.73,  0.21,0
-4880.657, 2209.076, 999.000, 999.000, -1.00,  0.23,0
-4701.137, 1245.598,  59.403,   4.900, -0.83,  0.22,0
-2967.265, 4551.440, 999.000, 999.000, -0.71,  0.28,0
 3689.893,-3124.991, 999.000, 999.000, -0.68,  0.22,0
 3312.831,-3562.424, 999.000, 999.000, -1.35,  0.24,0
 3020.486, 4404.208, 999.000, 999.000, -0.46,  0.28,0
 4663.869,-1512.196, 999.000, 999.000, -0.46,  0.27,0
 3675.722, 2272.532,  58.686,   3.190, -0.83,  0.22,0
-2053.139,-4716.725, 999.000, 999.000, -0.82,  0.22,0
 4784.741,-2834.905, 999.000, 999.000, -1.04,  0.27,0
-1230.880,-4392.612, 999.000, 999.000, -0.95,  0.20,0
 4163.750,  922.577, 999.000, 999.000, -1.02,  0.25,0
 -855.879,-2878.399,  19.465,   4.560, -0.58,  0.22,0
-2995.959,  399.125, 999.000, 999.000, -1.42,  0.25,0
-3247.220,-2526.959, 999.000, 999.000, -1.42,  0.27,0
 -230.267,-1529.010, 999.000, 999.000, -1.01,  0.21,0
-1792.996,-2282.710,  81.556,   2.960, -1.03,  0.23,0
 3425.998,-1992.379, 999.000, 999.000, -1.01,  0.24,0
-2178.604,-3865.681, 999.000, 999.000, -1.23,  0.27,0
-4496.686,-1455.200, 999.000, 999.000, -1.30,  0.23,0
 -856.523,-2712.486, 999.000, 999.000, -0.67,  0.27,0
-2715.710, 2333.422, 999.000, 999.000, -0.71,  0.26,0
 2229.972, -666.088, 999.000, 999.000, -0.96,  0.29,0
 1957.098, -747.336, 999.000, 999.000, -0.85,  0.25,0
 3555.915, 2101.321, 999.000, 999.000, -0.66,  0.25,0
-4794.395, -107.394, 999.000, 999.000, -1.00,  0.24,0
-2972.819, 2891.950, 999.000, 999.000, -0.92,  0.25,0
 -372.108,-1641.560,   0.622,   5.830, -0.96,  0.27,0
-1684.177,-2065.956,  83.200,   4.650, -1.18,  0.28,0
  553.821,-4652.978, 999.000, 999.000, -0.78,  0.22,0
-3157.041, 1698.893, -78.814,   4.970, -0.66,  0.27,0
 3990.709, 2201.931, 999.000, 999.000, -0.68,  0.24,0
-1412.618, 1442.801, 999.000, 999.000, -0.99,  0.21,0
 4838.388,-4932.382, 999.000, 999.000, -1.07,  0.27,0
-4447.971, 2032.973, 999.000, 999.000, -0.80,  0.22,0
 3845.985, 1872.973, 999.000, 999.000, -1.60,  0.27,0
-1622.762, 3571.059, 999.000, 999.000, -0.77,  0.22,0
-2423.683,-1269.669, 999.000, 999.000, -0.97,  0.27,0
 1301.722,-1695.504, -74.217,   4.070, -0.67,  0.24,0
-2486.223,  822.389, 999.000, 999.000, -0.48,  0.27,0
-2494.361, -406.787, 999.000, 999.000, -1.07,  0.24,0
-4135.592, 3737.177, 999.000, 999.000, -0.86,  0.29,0
 1901.187,-4239.493, 999.000, 999.000, -0.82,  0.22,0
 3754.020, 1911.789,  43.014,   5.050, -0.89,  0.20,0
 1202.829,-4463.786, 999.000, 999.000, -0.88,  0.25,0
 -812.302, 1272.894, 999.000, 999.000, -1.33,  0.30,0
 2167.215,-2864.471, 999.000, 999.000, -1.27,  0.24,0
 3406.466, -918.382,  65.090,   5.050, -1.17,  0.25,0
-1859.195, -918.432, 999.000, 999.000, -0.67,  0.28,0
 3067.290,-3088.061,  28.760,   3.790, -1.34,  0.30,0
-1558.791,-1502.719, 105.940,   4.390, -1.01,  0.29,0
 2950.263,-1580.192, 999.000, 999.000, -1.26,  0.28,0
-1496.075, 1884.862, 999.000, 999.000, -0.83,  0.26,0
 4134.573,  629.212, 999.000, 999.000, -1.22,  0.29,0
-4665.375,-3759.469, 999.000, 999.000, -0.85,  0.21,0
-2711.039, 2045.296, 999.000, 999.000, -0.80,  0.22,0
  827.392, 3556.612, 999.000, 999.000, -1.23,  0.24,0
  522.242, 1441.970, 999.000, 999.000, -1.10,  0.29,0
 1346.835, 4689.744, 999.000, 999.000, -0.86,  0.22,0
 3581.394,-4294.255, 999.000, 999.000, -0.87,  0.24,0
 4596.150,-3592.510, 999.000, 999.000, -1.11,  0.26,0
-4582.731, -104.596,  70.989,   4.930, -0.26,  0.29,0
  387.057, 1869.601,  50.592,   3.130, -0.61,  0.23,0
 -257.694, 1328.505, 999.000, 999.000, -1.16,  0.23,0
  323.020,-1026.047, 999.000, 999.000, -1.24,  0.21,0
 1802.615, 1968.005, 999.000, 999.000, -1.02,  0.20,0
 2723.547,  937.361, 999.000, 999.000, -1.08,  0.21,0
-4040.189, 1169.278, 999.000, 999.000, -1.17,  0.21,0
  123.048, 2659.073, 999.000, 999.000, -0.93,  0.23,0
 4858.840, 2831.107, 999.000, 999.000, -1.28,  0.30,0
-4641.448,-4128.635, 999.000, 999.000, -1.40,  0.28,0
  883.569, 1879.727, 999.000, 999.000, -0.57,  0.26,0
-1822.439,-1955.594, 999.000, 999.000, -1.46,  0.24,0
 4676.555,  490.466, 999.000, 999.000, -0.39,  0.24,0
-1368.765, 2656.364, 999.000, 999.000, -0.74,  0.24,0
-2964.153, 4831.582, 999.000, 999.000, -1.29,  0.20,0
-4455.958,-3384.640, 999.000, 999.000, -0.97,  0.23,0
 2490.416,  730.660, 999.000, 999.000, -0.99,  0.26,0
 2454.578,-4409.848, -55.769,   5.830, -0.55,  0.26,0
 -137.007,-1512.156, 999.000, 999.000, -1.25,  0.28,0
  210.916,  942.929, 999.000, 999.000, -0.85,  0.22,0
-4836.711, -121.353, 999.000, 999.000, -0.92,  0.29,0
  117.404,  968.338, 999.000, 999.000, -0.90,  0.22,0
 -495.274,-1246.866,  29.070,   5.460, -0.95,  0.27,0
 1724.879, 1907.414, 999.000, 999.000, -0.73,  0.24,0
 2676.982, -939.791, 999.000, 999.000, -0.38,  0.21,0
  542.018,-4168.512,  68.266,   5.300, -0.77,  0.26,0
-3630.322,-1879.872, 999.000, 999.000, -0.87,  0.28,0
-4000.735,-1379.320, 999.000, 999.000, -0.70,  0.26,0
-2762.393,-2288.003, 999.000, 999.000, -0.96,  0.25,0
  189.830,-1864.137, -45.238,   2.770, -0.69,  0.29,0
 1754.376, 4801.664,  91.698,   4.240, -0.81,  0.24,0
 4557.112, 1304.659, 999.000, 999.000, -0.31,  0.25,0
 4691.732, 2660.443, 999.000, 999.000, -0.57,  0.26,0
   32.538,-1046.683, 999.000, 999.000, -1.27,  0.24,0
-3138.929, 4107.238, 999.000, 999.000, -1.42,  0.29,0
-3586.460, -840.792, 999.000, 999.000, -0.65,  0.20,0
 -418.261, 4354.253, 147.131,   3.020, -0.82,  0.23,0
  918.789, 4851.067, 999.000, 999.000, -1.21,  0.30,0
 2540.516,-2524.618, 999.000, 999.000, -0.89,  0.24,0
-1944.491, -827.066, 999.000, 999.000, -0.54,  0.26,0
  501.202, 1910.797, 999.000, 999.000, -0.52,  0.27,0
-4906.398,-1280.543, 999.000, 999.000, -0.99,  0.27,0
 4124.065,-4377.355, 999.000, 999.000, -1.41,  0.28,0
-4352.571, 4726.036,  13.282,   4.520, -1.15,  0.27,0
 -659.545, 2402.545,   4.208,   5.180, -0.51,  0.26,0
 -937.283, 3293.010, 999.000, 999.000, -1.11,  0.20,0
 3484.181, 1738.560, 999.000, 999.000, -1.45,  0.25,0
 2925.972, 3565.875, 999.000, 999.000, -1.32,  0.20,0
 1252.958, 4909.646, 999.000, 999.000, -0.91,  0.27,0
-1353.877, 3911.881,  46.204,   2.140, -1.28,  0.21,0
 3861.462,  252.762,  -1.171,   5.490, -0.69,  0.21,0
 -607.345, 2115.012,  27.199,   3.850, -1.35,  0.29,0
-3590.589, 1266.578, 999.000, 999.000, -0.51,  0.27,0
 2552.025,-4852.670,   2.606,   5.100, -0.87,  0.25,0
 2784.664,-1721.480, 999.000, 999.000, -0.91,  0.21,0
-4955.357, -350.902, 999.000, 999.000, -0.41,  0.27,0
 3086.902,-2234.064,  80.586,   3.980, -0.97,  0.27,0
  754.939, -680.650, 999.000, 999.000, -1.22,  0.27,0
-4034.480, 2555.069, 999.000, 999.000, -0.96,  0.26,0
-2614.235,  821.946, 999.000, 999.000, -0.56,  0.30,0
 3100.970,-1174.014, 999.000, 999.000, -0.89,  0.26,0
 4388.464,-3646.460, 999.000, 999.000, -1.06,  0.28,0
-4720.299, 4679.717, 999.000, 999.000, -0.72,  0.21,0
 4069.250, -301.030, 999.000, 999.000, -1.56,  0.26,0
-2732.597, 4237.023, 999.000, 999.000, -0.65,  0.29,0
-1392.204, 4055.551, 999.000, 999.000, -0.95,  0.26,0
 3512.909, -631.700, 999.000, 999.000, -0.79,  0.21,0
 4641.297, 2320.474, 999.000, 999.000, -0.86,  0.29,0
-3878.154, 4537.674, 999.000, 999.000, -1.06,  0.25,0
-2383.460,-1628.226, 185.508,   6.190, -0.88,  0.27,0
-4961.856,-1320.086, 999.000, 999.000, -1.03,  0.25,0
  855.037, 2869.936, 999.000, 999.000, -0.96,  0.22,0
 2408.337, 3686.452, 999.000, 999.000, -0.75,  0.21,0
-3532.540,-1575.069,   0.612,   3.980, -0.77,  0.30,0
   12.040, 4125.817, 999.000, 999.000, -1.00,  0.20,0
-1463.950,-3314.000, 999.000, 999.000, -1.37,  0.28,0
 1138.031,-2894.444,  52.527,   3.090, -1.06,  0.30,0
 3482.024,-1242.076,  92.113,   4.810, -1.18,  0.24,0
  637.553, 3743.160, 999.000, 999.000, -0.96,  0.26,0
-2206.477,-3172.101,  62.445,   4.030, -0.69,  0.27,0
 -218.967,-3717.128, 999.000, 999.000, -1.13,  0.21,0
 3835.997,-4717.192, 999.000, 999.000, -0.77,  0.23,0
 1521.515, 2241.397, 999.000, 999.000, -1.20,  0.25,0
-1730.440, 4181.524, 999.000, 999.000, -0.83,  0.26,0
 3938.974,  693.204, 999.000, 999.000, -0.93,  0.20,0
 4852.174,   13.210, 999.000, 999.000, -0.66,  0.22,0
 -926.499,-2167.433, 999.000, 999.000, -1.05,  0.24,0
-4102.993, 1733.136,  44.906,   4.000, -0.81,  0.30,0
-1441.844, 2396.771, 999.000, 999.000, -0.78,  0.28,0
 -996.600,-3835.641, 999.000, 999.000, -0.51,  0.28,0
 2062.632,  236.188, 999.000, 999.000, -0.64,  0.21,0
 3925.837, 1316.594, 999.000, 999.000, -0.83,  0.23,0
-4820.137,    3.224, 999.000, 999.000, -1.16,  0.30,0
-3382.865, -813.448, 999.000, 999.000, -1.38,  0.22,0
 3021.808,-3512.274, 999.000, 999.000, -0.76,  0.22,0
-1227.225,-3064.096, 999.000, 999.000, -1.12,  0.27,0
 2515.465,-1447.948, 999.000, 999.000, -0.91,  0.26,0
-4115.909, 1519.920, 999.000, 999.000, -0.50,  0.24,0
 -343.193, 2049.402,   3.024,   5.480, -1.30,  0.24,0
-2901.832,-3780.941, 999.000, 999.000, -1.14,  0.24,0
 2967.528,-4857.105, 999.000, 999.000, -1.30,  0.21,0
 1248.297,-1714.246,  21.447,   4.180, -0.85,  0.26,0
-2777.248, 2160.885, 999.000, 999.000, -1.13,  0.25,0
-1075.521, 2837.156, -72.215,   4.260, -0.90,  0.27,0
 1332.301, 3977.870, 153.939,   2.430, -1.02,  0.30,0
 2103.584, 1903.439, 999.000, 999.000, -0.76,  0.21,0
-3195.188, 4258.116, 999.000, 999.000, -1.13,  0.25,0
 -486.799,-3386.161, 999.000, 999.000, -1.04,  0.29,0
 -105.450, 1039.193,  11.483,   2.470, -0.78,  0.23,0
 3738.006,-2835.100, 999.000, 999.000, -0.74,  0.26,0
  898.508, 3539.134, 999.000, 999.000, -0.74,  0.29,0
 2648.368, 3918.942, 999.000, 999.000,  0.06,  0.29,0
-3365.716, -193.011, 999.000, 999.000, -0.92,  0.27,0
-4584.014,-1991.979, 999.000, 999.000, -1.12,  0.30,0
 -549.770, 3090.571, 999.000, 999.000, -0.97,  0.25,0
 2211.575,-2747.184, 999.000, 999.000, -0.97,  0.26,0
 2921.776,  -80.771, 999.000, 999.000, -1.29,  0.23,0
 4604.988, 1400.717, 999.000, 999.000, -1.23,  0.22,0
 2335.675, 3757.620, 999.000, 999.000, -0.49,  0.25,0
-1072.359,-4098.005, 999.000, 999.000, -1.20,  0.23,0
   79.209, -727.504, 999.000, 999.000, -0.50,  0.22,0
-4701.154,  198.120, 999.000, 999.000, -1.09,  0.30,0
-2260.593,-1557.249,  33.370,   5.150, -0.31,  0.28,0
-3332.740, 4453.743, 999.000, 999.000, -1.11,  0.29,0
-1815.801, 4556.382, 158.263,   4.010, -1.16,  0.23,0
 2633.129, 1137.859, 999.000, 999.000, -0.71,  0.25,0
-1132.750,-1426.815, 999.000, 999.000, -0.74,  0.30,0
 -581.304,-3547.203, -36.793,   2.970, -1.44,  0.26,0
 3250.445,-1233.818, 999.000, 999.000, -1.09,  0.22,0
 -128.241,-3916.788, 999.000, 999.000, -1.39,  0.28,0
-3754.437,   92.997, 999.000, 999.000, -1.37,  0.24,0
 -593.907,-2913.387,  58.631,   4.540, -0.41,  0.21,0
 1187.147,-4508.368, 999.000, 999.000, -1.38,  0.24,0
-1488.487,-4965.115,  45.578,   3.780, -0.94,  0.24,0
-1354.872,    8.257, 999.000, 999.000, -1.24,  0.21,0
-1034.134,  541.496, 999.000, 999.000, -0.84,  0.26,0
  -53.108, 2417.165, 999.000, 999.000, -1.05,  0.20,0
 -542.294, -795.598, 108.929,   4.540, -1.09,  0.23,0
-3760.576,-4776.395, 999.000, 999.000, -0.72,  0.29,0
  917.168,-3166.374,  40.134,   4.380, -0.99,  0.26,0
-2034.755, 2826.323, 999.000, 999.000, -1.21,  0.29,0
 2676.832, 4679.022, -17.371,   4.200, -1.39,  0.26,0
-1394.901, 3060.802, 999.000, 999.000, -1.26,  0.30,0
 2756.562, 4292.286, 999.000, 999.000, -1.03,  0.29,0
  965.268, 2057.460, 999.000, 999.000, -1.37,  0.28,0
-2089.728,-1922.627, 999.000, 999.000, -0.43,  0.23,0
 2085.826, 3696.232, 999.000, 999.000, -0.60,  0.23,0
-1486.721,-4838.421, 999.000, 999.000, -1.27,  0.29,0
-2920.952, 3033.463, 999.000, 999.000, -1.32,  0.24,0
-1975.935,-1619.920, 999.000, 999.000, -0.71,  0.28,0
 -877.018,-2380.407, 999.000, 999.000, -0.98,  0.25,0
 -958.362,-4145.127, 999.000, 999.000, -1.30,  0.24,0
 -395.951, 2058.493, -12.159,   4.470, -1.01,  0.23,0
-1228.518, 2388.126, 999.000, 999.000, -1.47,  0.25,0
 4441.271,-3788.965, 999.000, 999.000, -1.19,  0.24,0
 3709.413,-3304.598, 999.000, 999.000, -0.68,  0.29,0
 2546.619, 1692.141, 999.000, 999.000, -1.03,  0.23,0
 2238.990, 2688.396, 999.000, 999.000, -1.10,  0.24,0
 1898.689,-4855.041, 999.000, 999.000, -0.46,  0.21,0
  335.957,-4742.485,  91.487,   3.020, -0.96,  0.21,0
 4716.166, 2699.205,  65.231,   5.050, -1.38,  0.21,0
 1399.788, 3078.382, 999.000, 999.000, -1.42,  0.30,0
 1323.950,-2939.066, 999.000, 999.000, -0.76,  0.25,0
-1746.158,-2746.748, 999.000, 999.000, -0.83,  0.24,0
-4944.741, 4564.439, 999.000, 999.000, -1.07,  0.24,0
 -693.932, 2141.867,  67.702,   4.270, -0.73,  0.24,0
-3746.292,-1097.260, 999.000, 999.000, -0.90,  0.26,0
-1694.596, 4373.731, 999.000, 999.000, -1.24,  0.23,0
 1437.533,-2612.086, 999.000, 999.000, -0.99,  0.24,0
 2887.312,-2382.123,  46.259,   4.680, -1.34,  0.29,0
 -566.477,-2916.191, 999.000, 999.000, -1.28,  0.24,0
 1924.646,-2727.696, 148.891,   5.110, -0.88,  0.24,0
 1426.350, 3519.589, 999.000, 999.000, -1.31,  0.26,0
-2550.946, 2708.979, 999.000, 999.000, -1.21,  0.25,0
 2549.584, 1193.903, 999.000, 999.000, -0.83,  0.22,0
 1620.833,-4073.943, 999.000, 999.000, -1.23,  0.21,0
-2683.968,-1237.390, 999.000, 999.000, -1.36,  0.24,0
 3331.333,  996.532, 999.000, 999.000, -0.72,  0.25,0
 4827.584,-3701.660, 999.000, 999.000, -0.85,  0.30,0
-2248.452, 1938.923, 999.000, 999.000, -0.88,  0.21,0
-2436.233,-1810.053,   5.812,   4.300, -0.70,  0.25,0
 2569.893,  688.742, 999.000, 999.000, -0.87,  0.21,0
 -997.057,  743.508, -16.636,   3.090, -0.97,  0.24,0
 -405.695, 4129.536, 999.000, 999.000, -0.91,  0.23,0
 4475.968, 3063.440, 999.000, 999.000, -0.45,  0.25,0
 1082.628,-3909.936, 999.000, 999.000, -0.67,  0.28,0
 3483.992,-4977.435, 999.000, 999.000, -0.73,  0.22,0
 2832.367,   29.538, 999.000, 999.000, -1.16,  0.21,0
-4712.874, 2442.194, 999.000, 999.000, -1.29,  0.24,0
 1480.401,-1951.287, 999.000, 999.000, -1.43,  0.20,0
 4085.739,  155.010, 999.000, 999.000, -1.11,  0.27,0
 2661.368,-4022.771, 999.000, 999.000, -1.37,  0.28,0
-3049.023, 4528.675, 999.000, 999.000, -1.03,  0.23,0
-4708.146, 2337.141, 999.000, 999.000, -0.95,  0.27,0
-1573.433, 1098.821,  42.111,   4.270, -1.39,  0.23,0
-1963.839,-3731.751, 999.000, 999.000, -1.10,  0.26,0
-3879.903, 4284.614, -28.667,   4.650, -0.87,  0.25,0
 1576.948,-4035.670, 999.000, 999.000, -0.51,  0.25,0
-3254.773,-1676.992, 999.000, 999.000, -0.78,  0.20,0
 -738.409,-2079.954, 999.000, 999.000, -0.63,  0.24,0
  777.257,-4976.958, 999.000, 999.000, -0.66,  0.24,0
-3173.383,-1094.229, 999.000, 999.000, -0.82,  0.22,0
-4336.952,-3143.537, 999.000, 999.000, -1.16,  0.28,0
 2413.831,  893.620, 999.000, 999.000, -0.89,  0.25,0
-3270.133,-4612.567, 999.000, 999.000, -0.79,  0.21,0
-2430.494, -465.809, -49.798,   4.150, -0.89,  0.20,0
 1869.519,-4041.281, 999.000, 999.000, -0.21,  0.29,0
 2210.842,-2523.093, 999.000, 999.000, -1.21,  0.20,0
  754.990,-2753.874, 999.000, 999.000, -0.36,  0.29,0
 2759.416, 2938.158, 142.808,   3.840, -0.81,  0.26,0
-4030.489,-2134.165, 111.169,   3.930, -0.51,  0.21,0
-3829.587,-2580.829, 999.000, 999.000, -0.91,  0.20,0
-1600.606,-3049.618,   9.811,   4.860, -1.10,  0.23,0
-4078.223, 4363.798, 999.000, 999.000, -0.91,  0.25,0
 -550.329, 3256.451, 999.000, 999.000, -0.67,  0.21,0
-1196.968,-2149.940, 999.000, 999.000, -0.86,  0.29,0
  681.267, 4199.026, 999.000, 999.000, -1.09,  0.23,0
-1712.357,-3165.701,  93.795,   4.250, -0.98,  0.28,0
-3230.118, -470.546, 999.000, 999.000, -1.04,  0.22,0
-2275.793, -994.367, 999.000, 999.000, -0.52,  0.25,0
 3672.828,-1868.947, 999.000, 999.000, -0.67,  0.22,0
 -518.955, 1575.978,  42.846,   3.980, -0.40,  0.28,0
 1606.505, 1488.585, 999.000, 999.000, -0.90,  0.24,0
-2731.443,-3693.100, 999.000, 999.000, -1.13,  0.21,0
-4596.683, 3352.244, 999.000, 999.000, -1.21,  0.21,0
 1954.622,-3036.471, 999.000, 999.000, -1.06,  0.29,0
-1457.696, 2372.596, 999.000, 999.000, -0.83,  0.21,0
-3885.701,-2887.871, 999.000, 999.000, -1.07,  0.25,0
-1652.474,-4455.058, 999.000, 999.000, -0.99,  0.28,0
  983.440,-3533.417,  52.425,   3.860, -0.99,  0.23,0
-1405.449, 4148.515,  -7.571,   4.130, -0.27,  0.29,0
 2453.534, -648.502, 999.000, 999.000, -1.22,  0.26,0
 1493.060, 3473.105, 999.000, 999.000, -0.47,  0.25,0
 4674.467, -860.259,  99.986,   2.960, -0.96,  0.28,0
-3401.782, 3408.793, 999.000, 999.000, -1.43,  0.24,0
-3285.576, -371.049, 999.000, 999.000, -0.68,  0.22,0
  245.955,-1649.970, 999.000, 999.000, -1.13,  0.27,0
 3221.511,  305.526, 999.000, 999.000, -0.77,  0.26,0
 -947.818, 3599.485, 131.884,   6.100, -1.19,  0.21,0
 4742.398,  685.104, 159.818,   3.870, -0.79,  0.24,0
 4163.306, -479.521, 999.000, 999.000, -0.73,  0.28,0
 -166.552,-4408.801, 999.000, 999.000, -0.79,  0.30,0
  473.528,-2264.113, 126.530,   4.590, -0.60,  0.25,0
-3166.709, 4395.760, 999.000, 999.000, -0.97,  0.25,0
 3542.228, -404.131,  19.498,   2.970, -0.78,  0.29,0
 3241.943, 2268.416,  -6.299,   4.650, -1.03,  0.27,0
-3945.003, -461.027,  -2.328,   5.490, -0.98,  0.26,0
 -112.288,-2279.606, 999.000, 999.000, -1.18,  0.26,0
 1505.432,-1205.918, 999.000, 999.000, -0.73,  0.29,0
-1446.790, 3632.173, 999.000, 999.000, -0.36,  0.24,0
-4419.348, 4384.939, 999.000, 999.000, -0.81,  0.23,0
-1632.923, 4439.144,  -1.912,   4.880, -0.24,  0.29,0
 3104.209, 3893.458,  -0.486,   5.240, -0.83,  0.28,0
  283.358,-3466.677, 999.000, 999.000, -1.14,  0.27,0
 1531.573,-2810.342, 999.000, 999.000, -0.87,  0.21,0
 2035.299,  162.922, -13.217,   4.260, -0.81,  0.28,0
-2518.635,  546.445,  26.138,   3.980, -0.90,  0.24,0
 -107.789,-2512.012,  59.787,   3.040, -0.86,  0.23,0
   -7.555, 3304.257, 999.000, 999.000, -1.08,  0.28,0
 3111.003, 1557.964,  89.733,   4.340, -1.20,  0.28,0
 -250.709, 3837.684,  30.814,   5.190, -1.34,  0.28,0
 3521.847,-4520.802, 999.000, 999.000, -0.98,  0.26,0
-2699.905,-3228.988, 999.000, 999.000, -0.64,  0.24,0
 4986.358, -939.310, 999.000, 999.000, -0.88,  0.25,0
 1020.418,-3277.594, 999.000, 999.000, -0.99,  0.22,0
-4668.721,-3169.581, 999.000, 999.000, -1.09,  0.20,0
 1922.055,-4905.373, 999.000, 999.000, -0.95,  0.21,0
 1309.262, 3940.070, 999.000, 999.000, -0.95,  0.21,0
-4354.435, 1319.072, -26.291,   6.060, -1.22,  0.22,0
 1012.470,-4663.473, -22.494,   5.730, -1.35,  0.26,0
-3376.893,-3824.942, 999.000, 999.000, -0.91,  0.24,0
 1578.441,-2530.840, 999.000, 999.000, -1.63,  0.28,0
-4213.825,-1535.087, 999.000, 999.000, -0.68,  0.29,0
-4221.524, 4630.466, 999.000, 999.000, -1.39,  0.21,0
-4702.011,-2393.274, 999.000, 999.000, -0.91,  0.20,0
 -629.647,-2682.299, 999.000, 999.000, -0.81,  0.24,0
 4190.507, 1726.739, 999.000, 999.000, -0.81,  0.27,0
-4465.216, 3499.919, -47.118,   3.940, -1.13,  0.25,0
-3419.044, 3353.055, 999.000, 999.000, -0.79,  0.21,0
-4161.744, 3666.999,  67.122,   3.190, -0.94,  0.23,0
 3423.634,   54.193, 999.000, 999.000, -0.96,  0.20,0
 4844.712,-4919.523, 999.000, 999.000, -0.71,  0.24,0
-1161.162, 1451.586, 999.000, 999.000, -0.53,  0.20,0
 4967.227,-2296.194, 999.000, 999.000, -0.61,  0.21,0
 -355.930,-2411.541, 999.000, 999.000, -1.27,  0.20,0
-1636.303,  558.656, 999.000, 999.000, -1.68,  0.26,0
-2176.244,-4927.405, 999.000, 999.000, -0.73,  0.29,0
 4423.903,  754.693, 999.000, 999.000, -1.49,  0.21,0
-2833.368, 1311.836, 999.000, 999.000, -0.45,  0.25,0
   48.992, -564.267, 999.000, 999.000, -1.17,  0.22,0
-3254.980,-4726.653, 999.000, 999.000, -1.06,  0.26,0
 3292.840,-4258.929, 999.000, 999.000, -0.55,  0.22,0
-4286.574, 3303.717, 999.000, 999.000, -0.52,  0.27,0
 1297.239,-2607.836, 999.000, 999.000, -1.17,  0.20,0
-3859.742,-4977.220, 999.000, 999.000, -1.11,  0.22,0
 -474.584,-3228.994, 999.000, 999.000, -1.11,  0.28,0
 1884.271, 1498.161, 999.000, 999.000, -0.65,  0.21,0
-1624.521, 3852.189, 999.000, 999.000, -1.22,  0.26,0
-1465.599, 4981.892, 999.000, 999.000, -1.01,  0.23,0
 3870.890, 1949.032, 999.000, 999.000, -0.92,  0.20,0
-3181.850,  -19.126,  54.493,   5.300, -0.87,  0.28,0
 4396.650, 1840.561, 999.000, 999.000, -0.69,  0.20,0
 3681.230,  256.921, 999.000, 999.000, -0.94,  0.22,0
 4915.917,-4400.426, 999.000, 999.000, -0.98,  0.23,0
 3334.796,-2102.519, 999.000, 999.000, -1.09,  0.22,0
 4598.359,-1653.570,  16.442,   4.030, -1.15,  0.20,0
-2108.873,-3505.113, 999.000, 999.000, -1.05,  0.27,0
 -146.489,-3565.217, 999.000, 999.000, -0.62,  0.25,0
-3458.731,-2738.436, 999.000, 999.000, -0.91,  0.25,0
-4237.139, 2118.622, 999.000, 999.000, -0.83,  0.27,0
 1529.675, 3171.287, 999.000, 999.000, -0.90,  0.26,0
 -185.877,-1486.062,  57.889,   4.030, -0.50,  0.28,0
 4431.254,-1867.687, 999.000, 999.000, -0.72,  0.21,0
-3619.782,-1902.670, 999.000, 999.000, -0.97,  0.26,0
-4163.000, 2297.010, 999.000, 999.000, -0.90,  0.29,0
 2729.919,-3916.528, 999.000, 999.000, -1.37,  0.24,0
-1222.096, 4892.378, 999.000, 999.000, -0.51,  0.27,0
 1818.455,-1616.135, 999.000, 999.000, -0.88,  0.26,0
 4243.702,-1246.879, 999.000, 999.000, -1.16,  0.28,0
-2470.737, 2252.985, 999.000, 999.000, -0.72,  0.25,0
-2135.982, 2797.596, 999.000, 999.000, -0.49,  0.28,0
-3740.000, 3817.869, 999.000, 999.000, -1.32,  0.28,0
 3886.601, 3577.839, 999.000, 999.000, -1.60,  0.20,0
 3820.871, 3159.844, -12.382,   5.920, -1.21,  0.29,0
-2151.354,-1516.463, 999.000, 999.000, -0.42,  0.28,0
-4559.642,  878.086, 999.000, 999.000, -0.83,  0.24,0
 2491.906,-3320.934, 999.000, 999.000, -0.93,  0.27,0
 2395.734,-2468.158, 999.000, 999.000, -0.76,  0.27,0
 -189.566, 1410.373, 999.000, 999.000, -1.15,  0.25,0
-3670.856, -417.124, 999.000, 999.000, -1.22,  0.26,0
 2950.210,-3632.137, 999.000, 999.000, -0.97,  0.26,0
-4326.198,-4513.614, 999.000, 999.000, -0.59,  0.28,0
 4044.139,  234.686, 999.000, 999.000, -1.04,  0.27,0
 2027.718,-3073.897, 999.000, 999.000, -0.41,  0.28,0
-3744.585, 4794.090, 999.000, 999.000, -0.82,  0.21,0
-1333.262,-2392.363, 999.000, 999.000, -0.41,  0.24,0
-1331.182,-1681.766, 999.000, 999.000, -0.82,  0.23,0
-3612.135, 1446.503, 999.000, 999.000, -0.85,  0.22,0
 2807.365,-3695.996, 999.000, 999.000, -1.22,  0.21,0
 -350.868,-3796.095, 999.000, 999.000, -0.83,  0.21,0
-1791.958, -435.418,  16.881,   4.780, -0.74,  0.22,0
 1792.777, 1484.254,  48.790,   5.830, -1.02,  0.30,0
 4759.635, 2409.398, 999.000, 999.000, -1.18,  0.28,0
-3546.250,-4353.319, 999.000, 999.000, -0.99,  0.23,0
  159.827,    5.323, 999.000, 999.000, -0.42,  0.24,0
-1063.145, 2247.513, 999.000, 999.000, -0.51,  0.20,0
 1457.101,   48.254, 999.000, 999.000, -0.89,  0.20,0
-4749.751,-3981.299, 999.000, 999.000, -1.03,  0.28,0
 4641.921, 2607.197, 999.000, 999.000, -0.67,  0.25,0
-3354.411, 4583.333, 999.000, 999.000, -1.19,  0.20,0
 1929.541,-3387.125, 999.000, 999.000, -0.71,  0.29,0
 3208.380, 4334.571, 999.000, 999.000, -1.14,  0.30,0
 -888.271, 2596.825, 999.000, 999.000, -0.63,  0.28,0
 -765.206, 3551.344, 999.000, 999.000, -1.16,  0.21,0
-3595.108, 1361.787, 999.000, 999.000, -0.75,  0.20,0
 4399.968, 3507.651, 999.000, 999.000, -1.04,  0.21,0
 -824.433,-4827.175, 999.000, 999.000, -1.01,  0.26,0
 -266.426, 1303.753, 999.000, 999.000, -1.17,  0.23,0
 1741.908, 1881.852, 999.000, 999.000, -0.93,  0.22,0
 3910.891,-2553.229, 999.000, 999.000, -0.95,  0.25,0
 1195.481,-2017.370, 999.000, 999.000, -1.56,  0.30,0
-1749.684, 2651.434, 999.000, 999.000, -1.51,  0.25,0
-2518.149, 1168.397,  27.458,   4.310, -1.20,  0.20,0
-3129.691, 1189.565, 999.000, 999.000, -1.38,  0.25,0
-1773.483, 4311.016, 999.000, 999.000, -1.32,  0.27,0
-2810.302, 2030.211, 999.000, 999.000, -0.90,  0.26,0
-2013.110,-3798.968, 999.000, 999.000, -1.05,  0.23,0
  582.505, 3525.238,  58.360,   4.170, -1.24,  0.29,0
-1927.390,-3234.852, 999.000, 999.000, -0.68,  0.29,0
-3592.294, 2781.469, 999.000, 999.000, -0.57,  0.21,0
 -988.984,-1535.003, 999.000, 999.000, -1.13,  0.26,0
 4134.529,-4350.979, 999.000, 999.000, -1.10,  0.29,0
  960.364, -730.820, 999.000, 999.000, -0.81,  0.28,0
-2042.221, 3922.642, 999.000, 999.000, -0.77,  0.28,0
-1346.730,  334.061, 999.000, 999.000, -1.01,  0.24,0
-1109.667, -225.928, 999.000, 999.000, -1.18,  0.22,0
-2028.006,-1314.108,   7.285,   4.130, -0.78,  0.28,0
 4579.467,-1654.826, 999.000, 999.000, -0.85,  0.26,0
 1987.717, 2408.402, 999.000, 999.000, -1.50,  0.24,0
 1577.530, 4590.689, 999.000, 999.000, -0.82,  0.28,0
   41.715, 2970.232, 999.000, 999.000, -0.47,  0.28,0
  998.844,-4732.098, 999.000, 999.000, -0.81,  0.26,0
 4443.217,-3228.037, 999.000, 999.000, -0.94,  0.24,0
-2258.103,  459.242, 999.000, 999.000, -0.76,  0.23,0
 4051.062,-2998.300, 999.000, 999.000, -0.69,  0.29,0
 1266.173, 1362.222, 999.000, 999.000, -0.78,  0.29,0
 2745.710,-1740.847, 999.000, 999.000, -0.87,  0.20,0
 2539.582,-4700.417, 999.000, 999.000, -0.51,  0.24,0
 1239.307,-4042.921, 999.000, 999.000, -1.13,  0.28,0
-4729.437, 2606.239, 999.000, 999.000, -0.92,  0.24,0
 3162.004,-2055.444, 999.000, 999.000, -0.73,  0.25,0
 1710.123,-3905.569, 999.000, 999.000, -1.01,  0.21,0
 4201.470, -252.831, 999.000, 999.000, -0.94,  0.20,0
 4210.569, 1446.589, 999.000, 999.000, -0.68,  0.23,0
 -171.302,  690.135, 999.000, 999.000, -1.22,  0.26,0
 4509.423, -400.336, 999.000, 999.000, -0.79,  0.27,0
 2460.107,-3094.078, 122.336,   4.130, -0.85,  0.30,0
 2737.588, 2071.346, 999.000, 999.000, -0.72,  0.28,0
 1098.543,-3873.372, 999.000, 999.000, -0.80,  0.28,0
 3003.367, 4383.397, 999.000, 999.000, -0.70,  0.27,0
-3410.649,-2716.016, 999.000, 999.000, -0.85,  0.24,0
  391.051,-1371.147, 999.000, 999.000, -0.72,  0.26,0
-3907.135,-3224.610, 999.000, 999.000, -1.08,  0.23,0
 1471.867,   67.097, 999.000, 999.000, -0.78,  0.22,0
  601.234, 1658.397, 999.000, 999.000, -0.74,  0.21,0
 3119.233, 2429.326, -44.694,   2.430, -0.88,  0.24,0
-2074.122,-2088.771, 999.000, 999.000, -1.29,  0.24,0
 4749.609,-2675.376, 999.000, 999.000, -0.80,  0.25,0
 4821.003,-3090.758, 999.000, 999.000, -0.76,  0.30,0
 2583.374, 2397.979, 999.000, 999.000, -1.10,  0.21,0
 1025.058, -652.544, 999.000, 999.000, -1.36,  0.24,0
   30.493, -557.817, 999.000, 999.000, -1.03,  0.23,0
 1968.298,  545.308, 999.000, 999.000, -0.73,  0.29,0
 -660.674,-1134.595, 999.000, 999.000, -0.79,  0.28,0
-2478.808,  854.804, 999.000, 999.000, -1.00,  0.22,0
-4161.996, 4690.775, 999.000, 999.000, -1.29,  0.26,0
 4712.174, 2304.336, 999.000, 999.000, -1.09,  0.22,0
 4241.093,  833.461, 999.000, 999.000, -0.76,  0.24,0
 1307.892,-1734.847, 999.000, 999.000, -0.70,  0.21,0
-4395.570, -743.211, 999.000, 999.000, -0.75,  0.27,0
-4898.501, 2371.758, 999.000, 999.000, -1.02,  0.29,0
-3139.753, 1136.875, 999.000, 999.000, -0.70,  0.21,0
 3385.298, 3856.797, 999.000, 999.000, -1.05,  0.29,0
-2412.406,-4056.776, 999.000, 999.000, -1.21,  0.27,0
-2729.188,  199.617, 999.000, 999.000, -1.06,  0.28,0
-4736.148, 2789.718, -32.403,   4.160, -0.31,  0.23,0
-4184.890,-3053.828, 999.000, 999.000, -0.59,  0.20,0
-3083.623,  -22.634, 999.000, 999.000, -0.50,  0.22,0
-3077.944, 2969.263, 999.000, 999.000, -0.61,  0.27,0
 3507.088,-4983.016, 999.000, 999.000, -0.60,  0.21,0
 3089.142,-2273.356, 999.000, 999.000, -0.43,  0.21,0
-3093.416, 2509.562, 999.000, 999.000, -0.80,  0.28,0
 1438.902,-2938.662, 999.000, 999.000, -0.99,  0.21,0
 2691.153, 3861.837,  41.841,   4.040, -0.73,  0.25,0
 2203.881,  702.044, 999.000, 999.000, -0.94,  0.29,0
 1190.453,  138.122, 999.000, 999.000, -0.72,  0.21,0
-1457.974,  -33.767, 999.000, 999.000, -0.88,  0.25,0
 -743.822, 1204.194, 999.000, 999.000, -0.85,  0.28,0
-1022.259,  -91.866, 999.000, 999.000, -0.99,  0.21,0
 1975.174,  417.430, 999.000, 999.000, -0.55,  0.24,0
 4868.259,-3268.531, -16.637,   5.310, -1.07,  0.20,0
-4874.502,-3429.945, 999.000, 999.000, -1.21,  0.23,0
-4183.444,-2581.359,  83.091,   6.060, -1.53,  0.22,0
-2683.301,-3525.601, 999.000, 999.000, -0.70,  0.26,0
 1960.393, 2626.021, 999.000, 999.000, -1.08,  0.23,0
-2909.940,-4305.094, 999.000, 999.000, -0.57,  0.30,0
 -305.098, 1612.348, 999.000, 999.000, -1.12,  0.22,0
 1461.630,  -36.307, 999.000, 999.000, -0.78,  0.26,0
-1539.509,-1920.461, 999.000, 999.000, -1.16,  0.22,0
 2103.414,-3659.739, 999.000, 999.000, -0.55,  0.28,0
 -281.189, 4688.387, 999.000, 999.000, -1.07,  0.28,0
 4116.624, 3848.804, 999.000, 999.000, -1.15,  0.21,0
  510.127,-2128.139, 999.000, 999.000, -0.75,  0.22,0
  510.913,-4983.385, 999.000, 999.000, -0.89,  0.22,0
-1293.463,  316.005, 999.000, 999.000, -0.72,  0.26,0
-1064.438,-2145.786, 999.000, 999.000, -0.48,  0.23,0
-1101.459,-2737.688,   7.487,   4.560, -1.19,  0.23,0
 4221.256, 4925.407,  82.450,   4.630, -0.73,  0.29,0
-3104.169, 3121.106, 999.000, 999.000, -1.02,  0.27,0
  771.803,-4147.797, 999.000, 999.000, -1.13,  0.26,0
 3632.959, 2830.155, 999.000, 999.000, -0.90,  0.27,0
 3881.163, 4219.160, 999.000, 999.000, -1.05,  0.23,0
-1204.280,  577.254, 112.283,   4.650, -1.13,  0.25,0
-1362.747,  -24.555, 999.000, 999.000, -1.01,  0.26,0
-3835.790,-3746.491, 999.000, 999.000, -0.86,  0.26,0
-3984.188, 3643.074, 999.000, 999.000, -1.35,  0.24,0
 -688.707, 4040.088, 999.000, 999.000, -0.95,  0.26,0
 3387.950, -883.273, 999.000, 999.000, -1.06,  0.27,0
 4681.064, 3831.600, 999.000, 999.000, -0.78,  0.22,0
 2196.896,-3665.222, 999.000, 999.000, -0.48,  0.25,0
-4019.122, 3419.864, 999.000, 999.000, -0.59,  0.29,0
 4316.557, 1241.620,  71.335,   4.280, -1.16,  0.21,0
 1040.667, 1485.893, 999.000, 999.000, -1.02,  0.25,0
-3018.873,-3864.857,  87.476,   3.050, -1.14,  0.24,0
-3780.443,-4700.906, -66.070,   4.930, -0.62,  0.21,0
-2332.502,  698.457,  41.574,   4.090, -0.99,  0.28,0
 4214.677, 2656.730, 999.000, 999.000, -0.93,  0.28,0
  324.289, 2875.202, 999.000, 999.000, -1.13,  0.24,0
-4205.253,-1888.771,  55.947,   5.310, -1.27,  0.21,0
-4570.575, 2951.678,  62.841,   4.880, -1.10,  0.21,0
-1084.659, 2210.539, 999.000, 999.000, -0.43,  0.26,0
-2380.486, 2453.257, -18.030,   4.010, -0.66,  0.23,0
-1586.422,-3057.310, 999.000, 999.000, -0.90,  0.24,0
 2959.289, 2941.149, 999.000, 999.000, -1.06,  0.24,0
 4608.312, -548.663,  79.312,   5.830, -1.04,  0.27,0
  -45.589, 3703.660, 999.000, 999.000, -1.31,  0.26,0
 2996.699,-1591.743, -41.528,   4.960, -0.98,  0.25,0
 1629.820, 1759.426, 999.000, 999.000, -1.01,  0.20,0
-2093.773,   50.813, 999.000, 999.000, -0.83,  0.23,0
-4217.871, -674.252, 999.000, 999.000, -0.79,  0.25,0
 -832.254,-4160.954, 999.000, 999.000, -0.52,  0.24,0
-3783.708,-2654.739, 999.000, 999.000, -1.48,  0.28,0
 2923.163,-2302.989, 999.000, 999.000, -0.80,  0.23,0
-2155.485,-4750.944, 999.000, 999.000, -1.71,  0.28,0
-1589.649, 2983.617, 999.000, 999.000, -0.54,  0.26,0
 1108.878,  620.250, 999.000, 999.000, -0.96,  0.23,0
 -469.230, 4466.758, 999.000, 999.000, -0.96,  0.28,0
 1937.721, 4840.939, 999.000, 999.000, -1.04,  0.27,0
-4951.885,-3472.981, 999.000, 999.000, -0.78,  0.25,0
-1297.542,  151.177, 999.000, 999.000, -1.30,  0.29,0
 1960.387, 1543.362, 999.000, 999.000, -0.56,  0.24,0
 4585.269, -278.148, 999.000, 999.000, -1.19,  0.26,0
 2129.615, 4052.898, 999.000, 999.000, -1.08,  0.29,0
-2868.509, 4620.831, 999.000, 999.000, -1.10,  0.23,0
 1695.282, 2901.456, 999.000, 999.000, -0.68,  0.30,0
 2287.365,-1364.739,  29.981,   4.230, -0.87,  0.24,0
  -10.827, 4605.508, 999.000, 999.000, -0.93,  0.21,0
 4065.414, -591.512, 999.000, 999.000, -1.24,  0.27,0
 2790.368,-3009.186, 999.000, 999.000, -0.86,  0.23,0
 4056.906, -676.879, 999.000, 999.000, -1.05,  0.22,0
 -105.538, 4534.469, 999.000, 999.000, -1.22,  0.24,0
  509.269,  216.355, 999.000, 999.000, -0.87,  0.28,0
 3443.201,-2056.867, 999.000, 999.000, -0.80,  0.28,0
-1393.332, 3604.874,  47.933,   4.050, -0.93,  0.25,0
 2039.959,-4042.075, 999.000, 999.000, -1.05,  0.20,0
-4960.992, 3408.434, 999.000, 999.000, -1.11,  0.23,0
-4104.155, 1974.673, 999.000, 999.000, -0.69,  0.20,0
-2705.057, -628.302, 999.000, 999.000, -0.93,  0.20,0
-2065.361,-3293.811, 999.000, 999.000, -0.74,  0.23,0
-2257.448, 1893.116, 999.000, 999.000, -1.12,  0.28,0
 2851.061, 3275.406, 999.000, 999.000, -0.69,  0.22,0
 4162.944, 2177.729,  53.535,   5.420, -0.31,  0.25,0
-2542.092, -335.096,  46.826,   4.650, -1.06,  0.22,0
 1780.831,-4472.100, 999.000, 999.000, -0.82,  0.21,0
-1982.810, 4921.481, -50.921,   4.180, -0.90,  0.28,0
-2362.068, -925.348, 999.000, 999.000, -1.00,  0.29,0
  201.721, 4587.012, 999.000, 999.000, -1.09,  0.25,0
-4332.805, 2338.988,  51.012,   5.460, -0.97,  0.24,0
 -235.123,-1786.331, 999.000, 999.000, -0.86,  0.26,0
-4881.786, 1757.035, 999.000, 999.000, -0.71,  0.29,0
-2623.407, 1986.839, 999.000, 999.000, -1.32,  0.26,0
 3344.809,-4731.323, 999.000, 999.000, -1.03,  0.29,0
-4682.045, 4921.244,-128.392,   4.350, -0.84,  0.29,0
 -515.264, 1550.026, 999.000, 999.000, -0.55,  0.21,0
 4372.232,-4947.701, 999.000, 999.000, -1.24,  0.28,0
-4356.684,-1091.361, 999.000, 999.000, -0.94,  0.22,0
-2876.598,-4281.630, 999.000, 999.000, -1.12,  0.27,0
 4112.997,-3174.240, 999.000, 999.000, -1.25,  0.24,0
  212.683,-2546.568, 999.000, 999.000, -1.03,  0.25,0
-4312.745,-2474.852, 999.000, 999.000, -0.51,  0.25,0
-3518.677,-3972.827, 999.000, 999.000, -0.49,  0.20,0
-1915.354,-1824.780, 999.000, 999.000, -1.00,  0.28,0
   21.000,-1973.866, 999.000, 999.000, -0.94,  0.27,0
 3001.477, -571.232, 999.000, 999.000, -0.94,  0.24,0
 3911.836,-3215.856, 999.000, 999.000, -0.98,  0.23,0
-1511.265,  899.532, 999.000, 999.000, -0.96,  0.28,0
 2506.171, 4805.292, 999.000, 999.000, -0.61,  0.29,0
  788.710,-1697.507, 999.000, 999.000, -0.80,  0.23,0
-4566.564,  -50.375, 999.000, 999.000, -1.19,  0.27,0
 1629.316, 4984.335, 999.000, 999.000, -1.61,  0.30,0
-2764.407, 3031.139, 999.000, 999.000, -0.39,  0.24,0
 1659.567,-4115.165, 999.000, 999.000, -1.08,  0.20,0
-3786.673, 4243.975, 999.000, 999.000, -1.03,  0.26,0
-4666.025, 1359.929,  78.797,   4.560, -1.10,  0.24,0
 4297.690, 1582.249,  -5.353,   4.130, -0.92,  0.25,0
   87.808, 1329.571, 999.000, 999.000, -1.60,  0.22,0
    5.246,-3914.454,   9.969,   4.960, -0.32,  0.21,0
-4436.527,-2896.581, 999.000, 999.000, -1.11,  0.30,0
-2961.188, 4817.203, 999.000, 999.000, -1.07,  0.24,0
  619.454,-4580.007, 999.000, 999.000, -1.39,  0.21,0
-2574.226,-3661.657, 999.000, 999.000, -0.67,  0.21,0
 1301.703, -849.500, 999.000, 999.000, -1.41,  0.23,0
 2435.513,  968.826, 999.000, 999.000, -0.68,  0.24,0
-3669.248, 1416.258, 999.000, 999.000, -0.85,  0.22,0
 -260.872, -382.016, 999.000, 999.000, -0.85,  0.21,0
-4094.722,-1217.929,  17.968,   4.100, -0.59,  0.21,0
-3918.489,  -32.767, -49.475,   2.900, -0.80,  0.29,0
-4981.277,  331.218, 999.000, 999.000, -1.20,  0.22,0
-4218.147,-2913.139, 999.000, 999.000, -0.89,  0.23,0
-1911.565, 4418.367, 999.000, 999.000, -0.53,  0.27,0
 -518.102, 3917.409, 999.000, 999.000, -0.63,  0.29,0
 1675.681,  -15.115, -37.957,   5.860, -0.24,  0.28,0
-4761.214,-4989.087, 999.000, 999.000, -1.13,  0.25,0
  377.721,-4714.355, 999.000, 999.000, -0.08,  0.28,0
 2233.813, -527.024, 999.000, 999.000, -0.77,  0.24,0
 2773.493,-1107.468, 999.000, 999.000, -0.66,  0.21,0
 1388.073,-3681.309, 999.000, 999.000, -1.03,  0.28,0
 2327.553,-3781.711, 999.000, 999.000, -0.78,  0.24,0
-2939.705, -692.195, 999.000, 999.000, -0.55,  0.28,0
-2890.098,-3632.504, 999.000, 999.000, -0.90,  0.28,0
-1200.886,  897.277,  79.134,   4.640, -1.01,  0.25,0
-4471.928, 3877.054, 999.000, 999.000, -0.51,  0.28,0
-3440.746, 3035.067, 999.000, 999.000, -0.68,  0.27,0
 3015.955,  -29.665, 999.000, 999.000, -1.20,  0.24,0
 4390.337,  863.827, 999.000, 999.000, -1.36,  0.25,0
-3330.639,-2487.774, 999.000, 999.000, -0.70,  0.28,0
-1294.769, -547.612, 999.000, 999.000, -1.33,  0.20,0
-4500.130, 4272.131, 999.000, 999.000, -1.17,  0.28,0
-1958.141,-4185.138, 999.000, 999.000, -1.58,  0.21,0
 1679.788,-4393.865, 999.000, 999.000, -0.88,  0.28,0
 1689.529, 1040.952, 999.000, 999.000, -0.79,  0.24,0
-2408.471, -377.980, 999.000, 999.000, -1.15,  0.28,0
  459.526, 3300.573, 999.000, 999.000, -0.89,  0.22,0
-1926.315, 4333.617,  65.894,   5.150, -1.23,  0.25,0
 3543.634, 4358.440, 999.000, 999.000, -0.81,  0.24,0
 4359.857, 3493.073, 999.000, 999.000, -0.88,  0.20,0
 -679.153, -969.635, 999.000, 999.000, -1.12,  0.25,0
 4248.187,  -56.581, 999.000, 999.000, -1.12,  0.27,0
 1038.517, 1452.219,  74.834,   4.030, -0.80,  0.26,0
 3527.396,-1888.351, 999.000, 999.000, -0.88,  0.29,0
-1270.619,-3030.492, 999.000, 999.000, -1.02,  0.28,0
-2030.596,-4974.124,   1.349,   4.900, -0.48,  0.25,0
-4784.756, -635.049,  39.608,   2.920, -0.42,  0.21,0
-2086.953, 1432.973, 999.000, 999.000, -0.65,  0.21,0
 3346.886, 3389.685, 999.000, 999.000, -1.48,  0.29,0
-2618.425, -130.685, 999.000, 999.000, -1.03,  0.26,0
-2424.712,-3478.239, 999.000, 999.000, -0.22,  0.29,0
  611.517,-3469.265, 999.000, 999.000, -1.11,  0.22,0
 -398.548,-3941.611, 134.734,   4.440, -0.62,  0.22,0
 1864.566,-1567.354, 999.000, 999.000, -0.78,  0.24,0
 -217.217, 1113.131, 999.000, 999.000, -0.90,  0.25,0
 4305.350,-3326.654, 999.000, 999.000, -1.05,  0.22,0
 -103.639, 3849.382, 999.000, 999.000, -0.97,  0.25,0
-1331.789,-4759.338, 999.000, 999.000, -0.96,  0.21,0
 2889.052,-1463.411, 999.000, 999.000, -0.90,  0.27,0
 4209.173, 1184.862, 999.000, 999.000, -0.59,  0.25,0
-2131.440, -215.763, 999.000, 999.000, -1.31,  0.21,0
 2463.801, 4333.106, 999.000, 999.000, -1.24,  0.27,0
  277.155,-1239.470,  -7.500,   3.880, -1.09,  0.24,0
 3030.304, 2739.363, 999.000, 999.000, -1.29,  0.26,0
 3338.014,-1019.028, 999.000, 999.000, -1.06,  0.24,0
-3216.947, 1670.450, 127.921,   4.100, -1.20,  0.22,0
 2066.910,  605.263, 999.000, 999.000, -1.09,  0.20,0
-2529.102, 4919.621, 999.000, 999.000, -1.20,  0.26,0
-4931.366, 1539.019, 999.000, 999.000, -0.64,  0.21,0
 1232.116, 3809.789, 999.000, 999.000, -0.55,  0.22,0
  156.054,  154.850, 999.000, 999.000, -1.08,  0.27,0
-4678.160, 3388.534, 999.000, 999.000, -1.00,  0.23,0
 1334.884,  831.887, 999.000, 999.000, -0.50,  0.24,0
-4565.763, 4010.377, 999.000, 999.000, -0.63,  0.25,0
 3758.554, 4332.764, 999.000, 999.000, -0.98,  0.26,0
   31.803, 2319.641, 999.000, 999.000, -0.50,  0.27,0
 3968.240,-3059.670, 999.000, 999.000, -1.16,  0.22,0
 -430.634,-2197.069, 999.000, 999.000, -0.84,  0.29,0
  747.815, -473.361,  55.477,   5.050, -0.67,  0.23,0
 3186.161,-2489.122, 999.000, 999.000, -0.56,  0.24,0
-2118.348, -843.740, 999.000, 999.000, -0.69,  0.28,0
-3116.318, -347.659, 999.000, 999.000, -1.04,  0.28,0
-3979.535,   70.549, 999.000, 999.000, -1.04,  0.20,0
 4460.556, 3237.038, 999.000, 999.000, -0.74,  0.27,0
-4961.438, -598.603, 999.000, 999.000, -1.21,  0.29,0
-4279.475,-2782.768, 999.000, 999.000, -1.02,  0.30,0
-4629.229, 2201.577, 999.000, 999.000, -1.05,  0.28,0
 4013.436, 4396.608, 999.000, 999.000, -0.67,  0.26,0
-1430.633,-2251.018, 999.000, 999.000, -0.80,  0.28,0
 4537.696, 4871.056, 999.000, 999.000, -1.02,  0.25,0
 -250.869, 3417.157, 120.644,   4.200, -0.81,  0.23,0
-4475.062, 2450.144, 999.000, 999.000, -1.30,  0.28,0
 4341.852, 1976.717, 999.000, 999.000, -1.02,  0.25,0
 4247.993,-4862.998,  15.202,   3.920, -0.97,  0.21,0
 3249.652, 3982.698, 999.000, 999.000, -0.86,  0.20,0
 4863.433, 2307.283,  69.626,   4.640, -0.75,  0.27,0
 2683.184,-4404.240, 999.000, 999.000, -0.84,  0.28,0
-3570.644, -319.660, 999.000, 999.000, -1.28,  0.26,0
 2379.272,-3142.478, -43.982,   4.080, -0.85,  0.23,0
 2002.475,  222.926, 999.000, 999.000, -1.24,  0.28,0
  -29.203, 1060.253, 999.000, 999.000, -0.93,  0.22,0
 3459.721, 2817.082, 999.000, 999.000, -0.68,  0.23,0
 4417.403,-4429.852,  15.352,   6.140, -0.69,  0.29,0
-4572.219, 3585.209,  63.419,   4.590, -1.09,  0.29,0
 -981.593,-4915.108, 999.000, 999.000, -0.65,  0.27,0
  445.423, 4572.274,  44.189,   4.820, -1.14,  0.23,0
 4952.241,-3876.031, 999.000, 999.000, -0.62,  0.27,0
-1415.114,  784.088, 999.000, 999.000, -0.62,  0.30,0
-2477.166,-1257.496, 999.000, 999.000, -0.57,  0.29,0
-2917.507, 2194.672, 999.000, 999.000, -0.89,  0.23,0
  479.910,-3253.038, 999.000, 999.000, -0.71,  0.21,0
 3852.565,  634.437, 999.000, 999.000, -0.97,  0.24,0
 3603.791, 3185.692, 999.000, 999.000, -0.97,  0.30,0
 -515.300,-2532.683, 999.000, 999.000, -0.90,  0.23,0
-3297.560,  -60.582, 999.000, 999.000, -0.72,  0.29,0
 1499.693,-2725.645, -24.187,   4.780, -1.02,  0.27,0
-2080.090, 4908.164, 999.000, 999.000, -0.99,  0.23,0
 4504.855, -902.683, 999.000, 999.000, -0.45,  0.27,0
-1800.406,-2888.677, 999.000, 999.000, -0.79,  0.27,0
 3093.794, 4540.386,  27.062,   5.260, -1.43,  0.24,0
 1150.361, 2825.648, 999.000, 999.000, -1.16,  0.25,0
 2391.799,-4299.748, 999.000, 999.000, -0.66,  0.27,0
-1895.091,-4519.020, 999.000, 999.000, -1.29,  0.30,0
  816.802,-4222.146,  40.770,   5.190, -0.98,  0.26,0
 1865.378,-2179.262, 999.000, 999.000, -0.82,  0.23,0
-3373.237,-2891.227, 999.000, 999.000, -1.20,  0.23,0
 2693.944, 4321.658, 999.000, 999.000, -0.53,  0.26,0
 2569.255,-2054.265, 999.000, 999.000, -1.06,  0.28,0
-2840.576,-1411.493, 999.000, 999.000, -1.14,  0.21,0
 3204.966,-1832.322, 999.000, 999.000, -0.93,  0.21,0
-2632.541, 3257.805, -18.630,   4.380, -1.09,  0.28,0
 3991.945, 2661.607, 999.000, 999.000, -1.18,  0.22,0
 1938.758, -781.072,  92.041,   2.970, -0.64,  0.23,0
 -896.645,-3107.949, 999.000, 999.000, -0.98,  0.27,0
 1102.337, 3082.604,  80.270,   2.970, -0.97,  0.29,0
-1688.166, 3506.602, 999.000, 999.000, -0.97,  0.26,0
-2802.877, 3068.024, 999.000, 999.000, -0.98,  0.23,0
 4155.991, 4777.179, 999.000, 999.000, -0.97,  0.26,0
-1177.677, 2968.227, 999.000, 999.000, -0.87,  0.20,0
   81.706,  454.290,  -7.059,   5.150, -0.63,  0.28,0
-1619.419, 4754.620, 999.000, 999.000, -1.25,  0.23,0
 -598.499, 3440.050, 999.000, 999.000, -0.71,  0.28,0
  402.894,-3548.860, 999.000, 999.000, -1.02,  0.27,0
 2074.308,-3182.981, 999.000, 999.000, -1.26,  0.21,0
  895.814,  723.714, 999.000, 999.000, -1.30,  0.29,0
-1001.239,-1982.611,  47.109,   6.060, -0.83,  0.26,0
  305.291, -325.946, 999.000, 999.000, -0.87,  0.23,0
-1499.212, 4866.247, 999.000, 999.000, -0.96,  0.27,0
 -244.735,-2331.494, 999.000, 999.000, -0.69,  0.26,0
-4041.454,-1741.721, 999.000, 999.000, -0.89,  0.28,0
 4201.793, 3674.153, 999.000, 999.000, -0.97,  0.26,0
 1865.788, 2619.394, 999.000, 999.000, -0.95,  0.25,0
-3054.186,  148.918, 999.000, 999.000, -1.38,  0.24,0
-1529.779, -365.295, 999.000, 999.000, -0.36,  0.27,0
-1227.116,   33.663, 999.000, 999.000, -0.95,  0.24,0
-2456.457,  124.583,  45.363,   4.400, -1.09,  0.25,0
-1970.077, 2228.776,  70.964,   4.470, -0.92,  0.28,0
 3930.446,  666.177, 999.000, 999.000, -0.89,  0.21,0
  461.166, 4130.356, 999.000, 999.000, -0.85,  0.22,0
  815.588, 3026.783, 999.000, 999.000, -1.28,  0.22,0
  259.584, 2317.918,  30.503,   2.830, -0.90,  0.23,0
-4090.307, 3492.665, 999.000, 999.000, -0.62,  0.27,0
 1410.116, 2018.682, 999.000, 999.000, -0.60,  0.27,0
-3926.749, -916.096, 104.067,   6.180, -1.32,  0.30,0
-4681.852,-3939.047,  54.431,   4.600, -0.62,  0.27,0
-4100.831, 2686.533, 999.000, 999.000, -0.85,  0.25,0
-3255.861, 1136.398, 999.000, 999.000, -1.17,  0.25,0
 4615.583, 1660.775, 999.000, 999.000, -0.55,  0.28,0
-4045.539,-1709.082, 999.000, 999.000, -0.99,  0.21,0
  813.127, 3931.333, 105.128,   3.970, -0.56,  0.25,0
 2868.205, -324.802, 999.000, 999.000, -0.99,  0.26,0
-3610.015, 4165.528, 999.000, 999.000, -1.02,  0.20,0
 1783.022,-3562.437, 999.000, 999.000, -0.54,  0.25,0
-2509.773,-4486.480, 999.000, 999.000, -1.07,  0.26,0
 3071.256, 3595.254, -27.892,   4.910, -1.13,  0.27,0
-2822.974, 4154.118, 999.000, 999.000, -0.82,  0.29,0
-3834.968, 3119.881, 999.000, 999.000, -0.48,  0.21,0
-1208.505, 3411.702,  56.191,   5.830, -1.18,  0.30,0
 2992.135,-2215.157, 999.000, 999.000, -0.62,  0.28,0
 4283.521, 1726.385, 999.000, 999.000, -1.07,  0.24,0
-1058.977, 4809.631, 999.000, 999.000, -0.87,  0.25,0
 3581.050,  227.810, 999.000, 999.000, -0.52,  0.22,0
-4163.824, 1862.788, 999.000, 999.000, -1.03,  0.22,0
 -476.438,-2687.119, 999.000, 999.000, -1.16,  0.23,0
-1625.309,-1510.569, 999.000, 999.000, -1.05,  0.26,0
  797.283, 1105.908, 999.000, 999.000, -0.67,  0.30,0
-1985.897, 2346.587, 999.000, 999.000, -1.01,  0.26,0
-4752.203, 4551.414, 999.000, 999.000, -0.82,  0.24,0
 4647.624,-1635.362,  59.182,   4.160, -1.15,  0.23,0
 -109.829,-3516.839, 999.000, 999.000, -0.92,  0.21,0
-2374.561, -434.226, 999.000, 999.000, -0.95,  0.20,0
 -808.377, 2905.436, 999.000, 999.000, -1.00,  0.22,0
 3313.262,-1964.241, 999.000, 999.000, -0.52,  0.21,0
-1010.644, 3712.353, 999.000, 999.000, -0.51,  0.21,0
-2483.115,-1460.279, 999.000, 999.000, -0.81,  0.23,0
   71.415,  851.858, 999.000, 999.000, -0.81,  0.24,0
 1830.409,-2134.759,  75.295,   3.790, -1.16,  0.23,0
 3616.061, 4360.029, 999.000, 999.000, -0.93,  0.26,0
 3242.522, 3722.785, 118.383,   4.180, -1.14,  0.20,0
 1759.002,-2661.062,   0.801,   4.380, -0.50,  0.24,0
-1148.835, 2238.805, 999.000, 999.000, -0.43,  0.23,0
 -996.487, 4983.731, 999.000, 999.000, -0.82,  0.23,0
 1372.783,-1147.780, 999.000, 999.000, -0.80,  0.23,0
-3937.290,-2011.042, 999.000, 999.000, -0.73,  0.21,0
-4606.000, 2344.615, 999.000, 999.000, -1.13,  0.23,0
 3138.123,  892.398, 999.000, 999.000, -0.53,  0.29,0
-2940.114, 3596.800, 999.000, 999.000, -0.73,  0.22,0
-3266.011,-3933.280, 999.000, 999.000, -0.67,  0.29,0
-2387.782,-1378.688, 999.000, 999.000, -1.08,  0.25,0
 3198.614,-4655.053, 999.000, 999.000, -1.01,  0.26,0
 2496.651, 4807.023, 999.000, 999.000, -0.75,  0.21,0
 4047.171, 3728.156, 999.000, 999.000, -1.01,  0.25,0
 4581.315, 4108.663, 999.000, 999.000, -0.75,  0.22,0
 4510.753, 3682.982, 999.000, 999.000, -0.78,  0.23,0
 2595.059,-2218.644, 999.000, 999.000, -0.90,  0.25,0
-1533.018,-1730.495, 999.000, 999.000, -1.00,  0.29,0
 -333.670,-1371.177, 999.000, 999.000, -1.17,  0.25,0
-2834.986, 4759.367, 999.000, 999.000, -0.64,  0.21,0
 3845.068, 1633.851, 999.000, 999.000, -0.97,  0.29,0
-3346.887,  781.534, 999.000, 999.000, -0.76,  0.23,0
 3905.877, -435.183, 999.000, 999.000, -0.98,  0.28,0
 1400.271,-4973.161, 999.000, 999.000, -0.36,  0.24,0
 4395.393,-1456.418, 999.000, 999.000, -1.08,  0.25,0
  -89.402,-4946.160, 999.000, 999.000, -0.89,  0.29,0
  568.561, 4268.142, 999.000, 999.000, -1.01,  0.25,0
-4731.621,-4614.482, 999.000, 999.000, -0.99,  0.22,0
 1109.368,-3962.320, 999.000, 999.000, -0.81,  0.27,0
-4222.364,-3918.500, 999.000, 999.000, -0.81,  0.23,0
-1712.670, -214.474, 999.000, 999.000, -0.81,  0.29,0
 2878.760, -168.200, 999.000, 999.000, -0.91,  0.25,0
-3282.699,-4934.220, 999.000, 999.000, -1.22,  0.27,0
-4105.405,-4688.596, 999.000, 999.000, -0.96,  0.24,0
-2900.888,-4783.936, 999.000, 999.000, -0.72,  0.30,0
 3791.351,  289.825, 999.000, 999.000, -1.38,  0.24,0
 4906.509,-3871.361, 999.000, 999.000, -0.96,  0.22,0
-1904.112,-2493.945, 999.000, 999.000, -1.08,  0.28,0
-3884.427,  227.970,  70.389,   3.190, -1.09,  0.22,0
-1713.135,-2271.540, 999.000, 999.000, -1.00,  0.25,0
-2446.597, 4423.225, 999.000, 999.000, -1.10,  0.25,0
-1203.115,-3858.728, 999.000, 999.000, -0.70,  0.22,0
-4975.417, 4342.459, 999.000, 999.000, -1.22,  0.24,0
 4022.810, 3162.604, 999.000, 999.000, -0.99,  0.28,0
-1942.664,-4145.221, 999.000, 999.000, -0.48,  0.24,0
 2030.583, 3713.165,  49.691,   4.630, -0.68,  0.27,0
 2516.902,-2611.665, 999.000, 999.000, -1.20,  0.26,0
 3884.575, 3471.199, 999.000, 999.000, -0.79,  0.30,0
 2706.561,-2840.229, 999.000, 999.000, -1.67,  0.20,0
-2767.338,-4052.520, 999.000, 999.000, -0.98,  0.20,0
 2985.588, 2596.687,  55.164,   4.160, -0.93,  0.25,0
 -750.652,-1882.508, 999.000, 999.000, -0.89,  0.24,0
-2140.811,-4365.717, 999.000, 999.000, -1.07,  0.30,0
 -310.283,-3072.831, 999.000, 999.000, -1.35,  0.22,0
 2148.937,-1957.686, 999.000, 999.000, -1.19,  0.25,0
 -810.085,-3234.301, 102.462,   6.160, -0.71,  0.26,0
 1598.098,-1331.584, 124.413,   4.340, -1.16,  0.27,0
 4389.388, 4673.346, 999.000, 999.000, -0.76,  0.29,0
 -828.738, 2073.430, 999.000, 999.000, -0.75,  0.29,0
-1100.259,-1966.059, 999.000, 999.000, -1.07,  0.22,0
 -420.760, 1604.892,  79.705,   4.090, -0.29,  0.24,0
 -862.434,-4636.285,  -4.020,   5.230, -0.88,  0.24,0
-2598.396, 2179.551, 999.000, 999.000, -1.05,  0.29,0
 3704.406, 4502.083, 999.000, 999.000, -1.19,  0.27,0
 2861.895,-1648.209,  40.104,   3.530, -1.25,  0.23,0
 3061.369, 4049.802, 999.000, 999.000, -1.45,  0.29,0
 2919.771, 4823.408, 999.000, 999.000, -0.95,  0.24,0
 -224.753, -721.978, 999.000, 999.000, -1.12,  0.20,0
 4917.658,-1415.593, 999.000, 999.000, -1.07,  0.21,0
-3362.343, 4183.117, 999.000, 999.000, -0.87,  0.30,0
-2418.534,-4271.596, 999.000, 999.000, -1.01,  0.20,0
 1821.269, 1237.298, 999.000, 999.000, -1.17,  0.21,0
-2502.193, 2392.878, 999.000, 999.000, -0.84,  0.20,0
 2814.867,-3163.044, 999.000, 999.000, -0.76,  0.24,0
-4136.415,-3494.339, 999.000, 999.000, -0.81,  0.29,0
-1560.984, 2978.633, 999.000, 999.000, -1.04,  0.25,0
 -478.317, 3249.757, 999.000, 999.000, -0.66,  0.25,0
-3743.773, 4204.233, 999.000, 999.000, -0.72,  0.28,0
-3982.643, 1287.518, 999.000, 999.000, -0.80,  0.26,0
  556.871, 4993.194,  43.074,   4.650, -0.92,  0.25,0
-3058.731, 1060.722, 999.000, 999.000, -1.27,  0.21,0
-4778.676, -172.928, 999.000, 999.000, -1.17,  0.20,0
  843.202,  420.381, 999.000, 999.000, -1.03,  0.29,0
  383.233,  284.332, 999.000, 999.000, -0.73,  0.24,0
-2723.160, -392.796,  72.218,   5.050, -0.82,  0.21,0
 -625.095, -418.304, 999.000, 999.000, -1.33,  0.27,0
  249.088,-3840.385, 999.000, 999.000, -0.96,  0.24,0
  418.808, 2569.008, 999.000, 999.000, -0.87,  0.27,0
-3937.029,-3541.649, 999.000, 999.000, -0.96,  0.28,0
-3165.371,-3856.044, 999.000, 999.000, -0.22,  0.29,0
-3041.392, -831.104, 999.000, 999.000, -0.80,  0.24,0
-1854.776,-1892.723, 999.000, 999.000, -1.27,  0.22,0
 1210.836,-4259.886,  26.935,   2.310, -1.40,  0.27,0
-1924.493, 2972.630, 999.000, 999.000, -1.11,  0.26,0
-1886.457, -715.185, 999.000, 999.000, -0.91,  0.25,0
-2176.704, 3906.851, 999.000, 999.000, -1.03,  0.22,0
 3839.375,-2971.973, 129.700,   4.970, -0.63,  0.26,0
-1601.116, 3001.465,  -1.508,   4.120, -0.78,  0.29,0
