X_pc,Y_pc,vr,d_vr,FeH,d_FeH,flag
  128.859,  -65.546, -77.186,   4.200, -1.94,  0.27,1
  164.883,  -83.563, 999.000, 999.000, -1.61,  0.27,1
  -16.630,    6.230, 999.000, 999.000, -2.08,  0.22,1
   50.053,  -21.321, 999.000, 999.000, -2.17,  0.25,1
  129.476, -128.187, -64.932,   4.130, -2.35,  0.24,1
  208.404, -110.571, 999.000, 999.000, -1.54,  0.22,1
  183.528,  -55.958, 999.000, 999.000, -1.95,  0.21,1
  185.038, -121.335, -80.044,   5.050, -1.09,  0.26,1
  136.348,  -65.790, 999.000, 999.000, -1.85,  0.21,1
  131.701, -236.500, -81.456,   5.120, -1.66,  0.26,1
   36.907, -124.689, 999.000, 999.000, -2.01,  0.25,1
   47.647,  -62.456, 999.000, 999.000, -1.72,  0.26,1
  112.468, -114.222, 999.000, 999.000, -1.47,  0.26,1
  -54.112,  -49.968, 999.000, 999.000, -1.46,  0.21,1
  122.887,  -89.089, 999.000, 999.000, -1.59,  0.28,1
  157.050, -121.440, -57.157,   4.680, -1.78,  0.27,1
   81.243, -134.807, -72.488,   4.000, -1.96,  0.22,1
  149.740,  -54.844, 999.000, 999.000, -1.85,  0.29,1
  180.610, -123.013, 999.000, 999.000, -1.28,  0.24,1
  -24.364,  -86.085, 999.000, 999.000, -2.13,  0.28,1
   92.122, -152.544, 999.000, 999.000, -1.33,  0.25,1
  158.268,  -40.110, -72.486,   4.280, -1.56,  0.24,1
  212.289, -135.695, -92.133,   4.870, -1.79,  0.24,1
  236.292, -125.467, -65.622,   4.310, -1.86,  0.24,1
   90.619, -107.662, 999.000, 999.000, -1.21,  0.26,1
   23.206,    1.289, -78.267,   4.870, -1.48,  0.26,1
  254.168,  -61.210, 999.000, 999.000, -2.34,  0.26,1
  142.854,  -64.529, -71.667,   4.270, -1.67,  0.21,1
   18.120,  -66.492, -84.945,   4.450, -1.90,  0.24,1
  190.908, -235.340, 999.000, 999.000, -2.25,  0.21,1
   43.477, -121.938, 999.000, 999.000, -1.61,  0.24,1
  132.121,  -75.557, 999.000, 999.000, -2.07,  0.26,1
  -26.537,  -49.695, 999.000, 999.000, -1.85,  0.26,1
  -32.249, -123.586, 999.000, 999.000, -1.83,  0.24,1
  131.717,   -3.497, 999.000, 999.000, -1.97,  0.27,1
   44.434,  -20.733, 999.000, 999.000, -1.38,  0.23,1
  193.087,  -69.529, 999.000, 999.000, -1.89,  0.21,1
  193.579, -108.195, -74.110,   3.190, -1.53,  0.24,1
  103.906,  -96.456, 999.000, 999.000, -1.66,  0.27,1
  136.839, -153.911, 999.000, 999.000, -2.09,  0.28,1
   99.357, -166.779, 999.000, 999.000, -2.26,  0.27,1
  180.063, -187.945, 999.000, 999.000, -2.04,  0.23,1
  275.229,  -76.816, 999.000, 999.000, -2.28,  0.27,1
  320.706, -115.535, 999.000, 999.000, -2.16,  0.24,1
  205.915, -169.390, 999.000, 999.000, -1.87,  0.23,1
   49.047, -181.321, 999.000, 999.000, -1.99,  0.23,1
   74.850,  -65.921, 999.000, 999.000, -1.48,  0.22,1
  166.878, -169.364, 999.000, 999.000, -1.85,  0.27,1
   22.412,  -85.981, 999.000, 999.000, -1.46,  0.24,1
  146.685,  -97.343, 999.000, 999.000, -1.60,  0.25,1
   43.680,  -53.903, 999.000, 999.000, -1.52,  0.29,1
  193.721,  -91.970, 999.000, 999.000, -1.97,  0.24,1
  115.526, -162.833, 999.000, 999.000, -1.57,  0.24,1
  232.252,  -74.373, 999.000, 999.000, -1.83,  0.20,1
    0.032,  -83.403, 999.000, 999.000, -1.47,  0.21,1
  158.831, -111.785, 999.000, 999.000, -2.26,  0.23,1
  -27.296, -195.050, 999.000, 999.000, -1.86,  0.23,1
  184.610, -125.081, -84.779,   3.940, -1.80,  0.21,1
 3435.777, 2886.963, 999.000, 999.000, -0.67,  0.24,0
  491.115,-2892.747, -15.117,   4.880, -1.23,  0.24,0
-1565.480,  715.747, 999.000, 999.000, -0.83,  0.25,0
 2772.409,-4152.881, 999.000, 999.000, -0.73,  0.22,0
 1328.234,-3505.566, 999.000, 999.000, -0.74,  0.21,0
 4066.272, 1153.573, -40.445,   3.020, -0.27,  0.24,0
 -303.293,-3448.315, 999.000, 999.000, -0.51,  0.29,0
-3565.593,-4680.926,  18.617,   3.040, -0.95,  0.24,0
 2585.328, 4105.264, 999.000, 999.000, -0.78,  0.20,0
-1365.482,  -84.863, 999.000, 999.000, -0.54,  0.24,0
-4668.680,-4799.911, 999.000, 999.000, -0.74,  0.24,0
 3108.583, 2143.052, 999.000, 999.000, -1.13,  0.28,0
  758.367,  485.489, 999.000, 999.000, -0.13,  0.29,0
-4986.342, 3466.280, 999.000, 999.000, -0.77,  0.21,0
 2004.835, 1148.897, 999.000, 999.000, -0.37,  0.30,0
-2567.869, 4038.932,   6.840,   3.520, -0.19,  0.27,0
-3844.973,-4804.161, 999.000, 999.000, -0.98,  0.25,0
 1318.241, 2508.750, 999.000, 999.000, -0.73,  0.24,0
 -567.411,-4985.292, 999.000, 999.000, -0.45,  0.28,0
 2245.118,-2420.353, 999.000, 999.000, -0.58,  0.22,0
  409.488, 1335.853, -45.694,   5.040, -0.84,  0.22,0
 1836.973,  807.257, 999.000, 999.000, -0.32,  0.22,0
 1792.334, 2014.014,   3.195,   4.640, -0.89,  0.26,0
  252.654, 1149.456, 999.000, 999.000, -0.63,  0.22,0
-4432.766,-2968.798, 999.000, 999.000, -0.78,  0.23,0
-1130.927, -102.338, 999.000, 999.000, -0.54,  0.23,0
 1520.119, 4397.074, 999.000, 999.000, -0.41,  0.27,0
-3946.905,-4689.186, -55.376,   2.890, -0.83,  0.29,0
 -528.328,-2375.983, 999.000, 999.000, -0.99,  0.24,0
-3202.861, -291.844, 999.000, 999.000, -0.68,  0.27,0
 4436.641, 3588.247, 999.000, 999.000, -0.97,  0.22,0
 2405.873,-2773.350,  -2.990,   4.670, -0.97,  0.26,0
 -274.189, 4894.065, 999.000, 999.000, -0.90,  0.22,0
 3055.779, 3034.018, -41.628,   2.930, -0.68,  0.28,0
-2906.301, 1497.336, 999.000, 999.000, -0.66,  0.20,0
 3591.201,-2603.590, 999.000, 999.000, -0.74,  0.25,0
-3631.183, 4098.588, -21.637,   4.040, -0.93,  0.23,0
-2374.228,-2494.432, 999.000, 999.000, -0.85,  0.25,0
  787.672, 2648.288, 999.000, 999.000, -0.42,  0.26,0
-4950.266,-1827.925, 999.000, 999.000, -1.23,  0.26,0
-2014.256, 4677.239, 999.000, 999.000, -0.80,  0.21,0
-1889.313, 1823.009, 999.000, 999.000, -0.84,  0.29,0
-1618.463, 2987.903,  16.982,   4.500, -0.80,  0.25,0
 3190.834, -199.314, 999.000, 999.000, -0.71,  0.26,0
 4116.808,-1239.646, 999.000, 999.000, -0.52,  0.20,0
-3162.499, 2868.234, 999.000, 999.000, -0.94,  0.24,0
 1660.712, 2429.885, 999.000, 999.000, -1.04,  0.25,0
 1891.552, 2138.615, 999.000, 999.000, -0.49,  0.26,0
-3350.764, 3040.848, -12.142,   3.940, -1.22,  0.27,0
  -44.370, 1956.484, 999.000, 999.000, -0.54,  0.21,0
-2471.243, 1661.130, 999.000, 999.000, -0.55,  0.25,0
 -947.030, 4235.702,  -3.595,   4.530, -0.56,  0.29,0
 4571.378,-3288.171, 999.000, 999.000, -1.07,  0.21,0
 3045.295, 2869.489, 999.000, 999.000, -0.96,  0.21,0
 -129.825,-2384.352, 999.000, 999.000, -1.18,  0.24,0
-1459.043, 4566.231, 999.000, 999.000, -0.23,  0.24,0
 2213.573,-2727.826, 999.000, 999.000, -0.97,  0.22,0
-3788.707, 1134.996, 999.000, 999.000, -0.45,  0.21,0
  944.944, 4237.219, 999.000, 999.000, -0.83,  0.28,0
-4365.403,-2654.051, 999.000, 999.000, -0.85,  0.30,0
 4163.878, 4626.939, 999.000, 999.000, -0.94,  0.30,0
-1172.917, 4929.017, 999.000, 999.000, -0.89,  0.25,0
-4953.148, 2867.009, 999.000, 999.000, -0.74,  0.26,0
 4231.584, 3425.745, 999.000, 999.000, -0.49,  0.21,0
-2604.178, -138.802, 999.000, 999.000, -0.91,  0.25,0
 1160.083,-4272.445, -49.693,   4.680, -0.36,  0.30,0
-3330.869, 4574.795, 999.000, 999.000, -0.77,  0.28,0
 4481.329, 2517.974, 999.000, 999.000, -0.49,  0.24,0
-4077.515, -744.382, 999.000, 999.000, -0.77,  0.23,0
-3977.604,-2840.380, 999.000, 999.000, -0.59,  0.21,0
  283.280, -813.974, 999.000, 999.000, -0.93,  0.28,0
 1167.380, -779.182, 999.000, 999.000, -0.56,  0.25,0
 3404.884, 1288.703, 999.000, 999.000, -0.66,  0.30,0
 -677.416,-4687.620, 999.000, 999.000, -1.00,  0.23,0
 3225.765,-1797.960, 999.000, 999.000, -0.89,  0.25,0
-2747.290, 4343.815, 999.000, 999.000, -0.63,  0.22,0
-2277.154, 3140.065, 999.000, 999.000, -0.69,  0.21,0
 1310.334, 4487.561, 999.000, 999.000, -1.18,  0.26,0
-4852.483, -341.652, 999.000, 999.000, -0.59,  0.24,0
-3087.948, 3756.229, 999.000, 999.000, -0.51,  0.25,0
 1832.356,-2683.421, 999.000, 999.000, -1.13,  0.24,0
 2157.037,-3172.344, 999.000, 999.000, -0.74,  0.25,0
 1785.765, 1460.497, 999.000, 999.000, -0.60,  0.26,0
-2225.161,-3921.378, 999.000, 999.000, -0.72,  0.23,0
 4935.728, -120.449, 999.000, 999.000, -0.25,  0.25,0
  142.378,-3777.542, 999.000, 999.000, -1.05,  0.23,0
 3205.118,-3321.152, 999.000, 999.000, -0.45,  0.28,0
-2609.789, 3387.370, 999.000, 999.000, -0.60,  0.24,0
-2524.960, 2295.527, 999.000, 999.000, -0.79,  0.25,0
-4554.565,  999.638, 999.000, 999.000, -0.44,  0.21,0
 4005.141,-2798.569,  15.631,   4.010, -0.80,  0.21,0
 -133.277, 4265.117, 999.000, 999.000, -0.83,  0.25,0
-4274.528, 1860.399, -46.120,   4.350, -0.76,  0.20,0
 1087.241, 3624.952, -38.544,   3.190, -1.48,  0.29,0
 3759.362, 4122.812, 999.000, 999.000, -1.16,  0.29,0
-4774.447, 2194.179, 999.000, 999.000, -0.93,  0.24,0
 4097.917, 4300.599, 999.000, 999.000, -0.20,  0.22,0
-4515.799,-3906.735, 999.000, 999.000, -1.14,  0.29,0
 4358.789,-1669.849, 999.000, 999.000, -0.59,  0.22,0
-4100.323,  724.533, 999.000, 999.000, -1.17,  0.29,0
-2013.474,-1636.876,  12.804,   4.270, -1.26,  0.27,0
 2088.008, 3186.286, -29.353,   5.040, -0.64,  0.23,0
 2261.408,-3418.748, 999.000, 999.000, -0.47,  0.29,0
 4143.440,-2941.721, 999.000, 999.000, -0.88,  0.24,0
 2911.296,-2529.211,   1.468,   3.780, -0.34,  0.29,0
 2379.330, 3736.122, 999.000, 999.000, -0.77,  0.21,0
-2792.826, 1407.192,   6.638,   4.250, -0.77,  0.25,0
-1776.716, 4130.006, 999.000, 999.000, -0.80,  0.26,0
 1251.227, 4920.538,  33.753,   3.870, -1.03,  0.27,0
  920.652,-2669.342, 999.000, 999.000, -0.65,  0.28,0
-4080.529, 3586.577, 999.000, 999.000, -0.88,  0.25,0
 -895.897,-1732.396, 999.000, 999.000, -0.84,  0.26,0
-2698.345,  180.113, 999.000, 999.000, -0.80,  0.26,0
-4151.305, 1093.599, 999.000, 999.000, -0.96,  0.24,0
-4589.111, -914.077, 999.000, 999.000, -0.81,  0.29,0
-2516.683,-2852.019, 999.000, 999.000, -1.05,  0.28,0
-4402.998, 3433.842, 999.000, 999.000, -1.02,  0.27,0
  496.346,-1069.287, -26.041,   6.180, -1.09,  0.20,0
 -117.985, 4951.320, 999.000, 999.000, -0.96,  0.21,0
-1226.476, 2968.292, 999.000, 999.000, -0.18,  0.29,0
 2028.730, 1465.489, 999.000, 999.000, -0.97,  0.29,0
-4191.317,  739.937, 999.000, 999.000, -0.62,  0.22,0
  274.723,-1875.347, 999.000, 999.000, -1.00,  0.25,0
-2280.782,-3146.309, -17.685,   2.610, -1.34,  0.27,0
 -510.152,-2487.000, 999.000, 999.000, -0.90,  0.21,0
  938.056, 1941.618, 999.000, 999.000, -0.64,  0.27,0
  166.640, -951.855,  18.944,   4.380, -1.03,  0.29,0
 -110.564, 3550.281, 999.000, 999.000, -0.59,  0.23,0
 4118.121, 2922.834, 999.000, 999.000, -0.89,  0.21,0
 -631.205,  736.175, 999.000, 999.000, -0.52,  0.29,0
-2866.665, 3428.159, 999.000, 999.000, -1.23,  0.29,0
-1253.397, 2437.285, 999.000, 999.000, -1.02,  0.25,0
-2669.293, 4500.532, 999.000, 999.000, -0.93,  0.27,0
-3048.008,-1048.068, 999.000, 999.000, -1.10,  0.22,0
 4223.350,-3694.821, 999.000, 999.000, -0.82,  0.28,0
-2393.985, 4433.474, 999.000, 999.000, -1.52,  0.29,0
-2355.676,-1196.479,   5.331,   2.310, -0.47,  0.24,0
  772.021, 2412.315, 999.000, 999.000, -0.70,  0.29,0
 3535.839, 2880.619, 999.000, 999.000, -0.80,  0.27,0
-1191.152, 4054.867, 999.000, 999.000, -1.15,  0.30,0
-3289.195,-1520.089, -73.372,   4.910, -1.21,  0.29,0
-2545.669, 2154.874, 999.000, 999.000, -1.52,  0.29,0
 4746.470,-4586.260, 999.000, 999.000, -0.44,  0.28,0
 1637.045,  472.054, 999.000, 999.000, -0.83,  0.25,0
 1419.571, 4498.325, -15.499,   4.740, -0.72,  0.25,0
 2231.083, 2614.282,  20.379,   5.110, -0.81,  0.24,0
  618.014,-2335.812,  24.644,   4.100, -0.74,  0.24,0
-3005.543, 3840.602, 999.000, 999.000, -0.67,  0.24,0
  255.063, 1273.221, 999.000, 999.000, -0.85,  0.22,0
  686.492, 1663.609, 999.000, 999.000, -1.11,  0.25,0
 4161.252, 4850.301, 999.000, 999.000, -0.28,  0.23,0
 2698.002, 4049.274, -43.645,   5.260, -0.79,  0.22,0
 3145.541, 3212.628, 999.000, 999.000, -0.40,  0.24,0
 2541.491, 2514.824, 999.000, 999.000, -0.36,  0.22,0
-4279.115,-3764.346, -46.598,   4.960, -0.93,  0.26,0
-2326.537, 4158.241, 999.000, 999.000, -0.94,  0.28,0
 1211.768, 2722.946, 999.000, 999.000, -0.46,  0.28,0
-4685.519, 4354.121, 999.000, 999.000, -1.30,  0.28,0
 1941.603, 3896.346, 999.000, 999.000, -0.62,  0.25,0
 -717.515, 4676.994, 999.000, 999.000, -0.63,  0.28,0
-3291.165,-2437.117, -22.426,   4.430, -0.86,  0.21,0
-4981.021, 3631.706, -32.474,   4.090, -0.55,  0.27,0
-3306.472,-3499.954, 999.000, 999.000, -0.74,  0.20,0
-2390.225,-1722.245, 999.000, 999.000, -0.28,  0.27,0
-3573.327, -244.879,  27.936,   4.170, -0.45,  0.22,0
-2151.843, -414.893, 999.000, 999.000, -0.37,  0.22,0
 3304.631,-2881.116, 999.000, 999.000, -0.58,  0.26,0
-4849.239,-3397.125, 999.000, 999.000, -0.67,  0.22,0
  409.266, 2297.894, 999.000, 999.000, -0.26,  0.27,0
-2787.277, 3848.253, -22.894,   4.160, -0.79,  0.27,0
-2498.448, -152.248, 999.000, 999.000, -0.79,  0.23,0
  630.883,-3706.615, -37.557,   4.280, -0.63,  0.28,0
 4933.644, 3974.695, 999.000, 999.000, -0.28,  0.26,0
-1095.372, 1308.641, 999.000, 999.000, -0.92,  0.22,0
 4530.645, 2206.786, 999.000, 999.000, -0.87,  0.25,0
 3967.169, 2320.446, 999.000, 999.000, -1.14,  0.27,0
 -254.922, 4850.031, 999.000, 999.000, -0.84,  0.29,0
  601.145,-2685.399, -65.451,   5.420, -0.83,  0.26,0
 -832.441, 1681.458,   2.491,   4.150, -0.61,  0.24,0
 2752.536,-1718.575, 999.000, 999.000, -0.79,  0.20,0
  488.446, 1349.618, 999.000, 999.000, -0.78,  0.24,0
 4275.484,-4280.002, 999.000, 999.000, -1.31,  0.29,0
 2366.222,-1445.336, 999.000, 999.000, -0.71,  0.25,0
-2212.873,   -0.018, 999.000, 999.000, -0.38,  0.23,0
-3608.930,  993.451, 999.000, 999.000, -0.80,  0.23,0
-1164.510, 4761.121, 999.000, 999.000, -1.29,  0.28,0
-1969.836,-4350.457, 999.000, 999.000, -0.82,  0.29,0
-1405.430,   88.716, 999.000, 999.000, -0.66,  0.23,0
 3466.049, 2167.994, 999.000, 999.000, -1.08,  0.21,0
 2909.531,-3261.833, 999.000, 999.000, -0.57,  0.24,0
 4246.824, 4691.228, 999.000, 999.000, -1.25,  0.20,0
-1143.184,-2722.621, 999.000, 999.000, -0.54,  0.28,0
 1708.841,  923.663, 999.000, 999.000, -0.80,  0.22,0
-2275.773,-2611.039, -25.527,   4.520, -0.60,  0.21,0
 1562.273, 2797.956, 999.000, 999.000, -0.43,  0.30,0
-1152.616,-2292.008, 999.000, 999.000, -0.42,  0.28,0
 -987.810, 4989.396, 999.000, 999.000, -0.41,  0.28,0
 4405.940,-1499.971, 999.000, 999.000, -0.87,  0.30,0
-1527.792,-2646.732, 999.000, 999.000, -0.68,  0.22,0
 -788.161,-1915.323, 999.000, 999.000, -1.02,  0.26,0
 4598.729, 2583.239, 999.000, 999.000, -0.79,  0.26,0
 3285.534, 1358.764, 999.000, 999.000, -0.75,  0.20,0
 2442.626, 4216.978, 999.000, 999.000, -1.11,  0.24,0
 4669.254, 4458.487, 999.000, 999.000, -1.18,  0.23,0
  196.475, 1520.430, 999.000, 999.000, -0.66,  0.23,0
-2057.621, 1592.425, 999.000, 999.000, -0.74,  0.28,0
 2926.379, 4959.975, -56.943,   3.190, -0.83,  0.21,0
  544.987, -810.606,  12.179,   4.130, -0.84,  0.21,0
-1132.565,  276.630, 999.000, 999.000, -0.25,  0.27,0
-1552.557,-1639.431, 999.000, 999.000, -0.80,  0.24,0
 3141.809,  532.411, 999.000, 999.000, -0.73,  0.29,0
 2337.216,-4503.431, -23.016,   4.030, -1.02,  0.25,0
 -689.085, 4676.411, 999.000, 999.000, -0.90,  0.29,0
 1018.986, -607.022, 999.000, 999.000, -0.64,  0.22,0
 2047.219, 4969.156, 999.000, 999.000, -0.67,  0.23,0
 -589.442, 1614.257, 999.000, 999.000, -0.51,  0.23,0
-1977.805, 1267.220, 999.000, 999.000, -0.79,  0.25,0
 2058.197,  566.952, 999.000, 999.000, -0.36,  0.22,0
-2201.797, 3934.586, 999.000, 999.000, -0.67,  0.25,0
-4680.215,  480.314, 999.000, 999.000, -0.60,  0.25,0
 4310.296,-1793.612, 999.000, 999.000, -0.93,  0.30,0
 3603.043,-1087.738, 999.000, 999.000, -0.92,  0.23,0
-1850.391,-2533.423, 999.000, 999.000, -0.28,  0.27,0
 3022.654, -628.302, 999.000, 999.000, -0.43,  0.27,0
-3515.997,-1248.604, 999.000, 999.000,  0.03,  0.27,0
 4358.583,  312.132, 999.000, 999.000, -0.56,  0.24,0
-2689.055, -545.762, 999.000, 999.000, -0.36,  0.22,0
-4214.867, 4060.294, 999.000, 999.000, -1.09,  0.24,0
-1290.342,  315.371, 999.000, 999.000, -0.38,  0.26,0
-4084.237, 4282.758, 999.000, 999.000, -0.31,  0.22,0
  362.993,-3468.423, 999.000, 999.000, -0.65,  0.29,0
-1658.824,  481.575, 999.000, 999.000, -0.09,  0.29,0
 -940.555, -308.592, 999.000, 999.000, -1.15,  0.24,0
-2967.666,-2446.893, 999.000, 999.000, -0.92,  0.26,0
-4608.419, 4420.191, 999.000, 999.000, -1.46,  0.24,0
-3758.846, 2432.768, -65.700,   4.050, -1.19,  0.27,0
 3863.529, 1642.353, 999.000, 999.000, -0.65,  0.20,0
 1225.525, 4899.710, 999.000, 999.000, -0.82,  0.27,0
 3500.639,-2618.574, 999.000, 999.000, -0.78,  0.23,0
-3217.250,-2479.937, 999.000, 999.000, -0.50,  0.21,0
-3343.490,-2216.628, 999.000, 999.000, -0.91,  0.29,0
 3629.035, -261.625, 999.000, 999.000, -0.41,  0.25,0
 4632.917,-3945.305, -35.504,   4.300, -0.83,  0.28,0
-4359.755,-3677.896, 999.000, 999.000, -0.94,  0.21,0
 1065.022,  606.308, 999.000, 999.000, -1.06,  0.25,0
 2315.895, 1414.543, 999.000, 999.000, -0.55,  0.22,0
 4929.109, 2130.528, 999.000, 999.000, -0.60,  0.29,0
  887.269,  339.872, 999.000, 999.000, -0.71,  0.21,0
-1905.488,  355.570, -18.615,   2.470, -0.81,  0.26,0
 -782.052,   -3.099, 999.000, 999.000, -0.79,  0.29,0
-4367.810,-1748.965, -16.961,   4.680, -0.84,  0.30,0
-2921.697,-1627.065, 999.000, 999.000, -0.68,  0.27,0
-3737.377,-1501.748, 999.000, 999.000, -1.20,  0.20,0
  -50.862,  120.258, 999.000, 999.000, -0.36,  0.25,0
 1242.825, 3800.283, -23.828,   4.010, -0.79,  0.27,0
-4130.268,-1247.432, 999.000, 999.000, -1.05,  0.27,0
 1948.534, 2432.246, 999.000, 999.000, -0.87,  0.26,0
 -675.001,-3529.771, 999.000, 999.000, -0.72,  0.26,0
  478.711,  119.537, 999.000, 999.000, -1.16,  0.21,0
-3865.616,-4981.251, 999.000, 999.000, -0.49,  0.20,0
  -99.299, 1529.174,  -1.840,   4.860, -0.82,  0.23,0
 3855.082, 1724.882, 999.000, 999.000, -1.19,  0.21,0
-4593.292,-3358.656, 999.000, 999.000, -1.01,  0.21,0
 2680.606,-4838.643, 999.000, 999.000, -0.66,  0.21,0
-2294.478, 2984.714, 999.000, 999.000, -0.94,  0.27,0
 -391.189, 1892.742,  34.550,   7.570, -0.38,  0.26,0
-2378.890,  646.418, 999.000, 999.000, -0.43,  0.25,0
-4983.292,-2874.545, -49.335,   4.680, -0.52,  0.28,0
 3169.761,   45.099, 999.000, 999.000, -0.99,  0.21,0
 4426.622,  874.254, 999.000, 999.000, -0.78,  0.21,0
-4881.244, 1825.290, 999.000, 999.000, -1.04,  0.23,0
 1371.885, 3618.724, 999.000, 999.000, -1.08,  0.29,0
-4132.149, 1644.497, -24.721,   6.640, -0.29,  0.26,0
 -192.228,-1587.601, -34.784,   4.650, -1.00,  0.20,0
 4643.379,-2391.158,  11.867,   4.810, -1.02,  0.21,0
  148.638,-1388.506,  -9.595,   4.010, -0.95,  0.23,0
  319.716, 1926.994,   5.344,   3.150, -0.58,  0.25,0
 3797.057, 4002.671, 999.000, 999.000, -0.89,  0.20,0
-3748.281,   42.892, 999.000, 999.000, -0.64,  0.22,0
 2606.741, 3240.473,  10.968,   5.670, -0.95,  0.22,0
 4368.024,-2140.803, 999.000, 999.000, -0.92,  0.25,0
 2423.188, 2013.690, 999.000, 999.000, -0.55,  0.21,0
-1646.686,  476.986, 999.000, 999.000, -0.79,  0.28,0
-1060.139,-1730.901, 999.000, 999.000, -0.45,  0.23,0
 -159.172,-4557.889, -66.368,   5.070, -0.66,  0.24,0
 4580.812, 3202.927, 999.000, 999.000, -0.75,  0.30,0
-3126.740,-4752.162, 999.000, 999.000, -1.13,  0.29,0
 1239.032,-1086.173, -11.746,   2.480, -0.43,  0.29,0
 4960.082,-3819.052, -28.527,   4.310, -0.12,  0.22,0
 4922.376, -216.035, 999.000, 999.000, -0.96,  0.28,0
 4099.783,-1864.086, 999.000, 999.000, -0.80,  0.29,0
 3386.945, 4426.526,  -5.789,   4.960, -0.80,  0.20,0
-3183.757,-3130.329, 999.000, 999.000, -0.61,  0.23,0
-1324.805, 3761.328, 999.000, 999.000, -0.74,  0.23,0
 2092.400, -430.604, 999.000, 999.000, -0.78,  0.23,0
  845.508, 4643.090, 999.000, 999.000, -0.76,  0.22,0
 1322.734,-2364.947, 999.000, 999.000, -0.63,  0.27,0
 1692.098,-1023.977, -36.335,   2.950, -0.68,  0.23,0
 3072.350,-4404.984, 999.000, 999.000, -1.16,  0.21,0
 -953.465,-2022.310, 999.000, 999.000, -0.46,  0.28,0
  571.909, 2238.291, 999.000, 999.000, -0.38,  0.24,0
 1711.595,-4044.073, -25.764,   4.930, -0.68,  0.29,0
 3786.257, 1060.810, 999.000, 999.000, -0.97,  0.22,0
-3145.234,-1076.126, 999.000, 999.000, -1.07,  0.27,0
 4015.670, 2452.153, 999.000, 999.000, -0.79,  0.29,0
-2489.045,-2375.989, 999.000, 999.000, -0.96,  0.22,0
 1984.563, 4718.812, -13.653,   6.190, -0.66,  0.28,0
  571.766, 3690.528, 999.000, 999.000, -0.71,  0.25,0
-1246.110, 1108.851, 999.000, 999.000, -0.84,  0.22,0
 2695.779,-3136.184, 999.000, 999.000, -0.58,  0.22,0
-4614.697,-3685.046, -26.457,   4.830, -1.00,  0.29,0
 -703.924, 4833.377, 999.000, 999.000, -0.56,  0.25,0
 4535.447,  380.664, -54.721,   4.250, -1.04,  0.24,0
 4376.226,-3189.126, 999.000, 999.000, -0.80,  0.25,0
-3192.780, 2308.079, 999.000, 999.000, -1.33,  0.21,0
-3283.573,-4806.545, 999.000, 999.000, -0.89,  0.27,0
 3295.692, 4046.740, 999.000, 999.000, -0.53,  0.25,0
 3665.805, 4632.727, 999.000, 999.000, -0.58,  0.23,0
  959.114,   61.731, 999.000, 999.000, -0.88,  0.27,0
 1957.062,-3593.326, 999.000, 999.000, -0.69,  0.22,0
-3573.942, 1125.724, 999.000, 999.000, -0.83,  0.27,0
 2102.212, 1368.914, 999.000, 999.000, -0.86,  0.24,0
-1406.971,-4531.688, 999.000, 999.000, -0.39,  0.29,0
-1702.597, -863.328, 999.000, 999.000, -1.19,  0.25,0
-2023.926,-4526.752,  -5.644,   3.020, -1.07,  0.25,0
 4470.260,-1260.266, 999.000, 999.000, -1.23,  0.29,0
-4104.982, 1230.313, 999.000, 999.000, -0.86,  0.22,0
 2050.327,-1495.649, 999.000, 999.000, -0.18,  0.27,0
-1399.651,-4208.820, 999.000, 999.000, -1.59,  0.24,0
-4388.179, -487.871, 999.000, 999.000, -0.83,  0.25,0
  295.931,-1347.908, 999.000, 999.000, -0.65,  0.27,0
-4006.310, 1854.125, 999.000, 999.000, -0.47,  0.25,0
 1891.311,-2316.424, 999.000, 999.000, -0.64,  0.27,0
 3806.581, 3271.477,  12.233,   4.650, -1.11,  0.27,0
 4761.093,-4249.836, 999.000, 999.000, -0.37,  0.26,0
 -694.359, -865.089, 999.000, 999.000, -0.58,  0.23,0
-2055.961,-2568.126, 999.000, 999.000, -0.11,  0.26,0
 1844.899,  961.974, 999.000, 999.000, -1.24,  0.20,0
 2327.125,-2942.565, -40.818,   4.710, -0.92,  0.21,0
-2960.282, 2922.056, 999.000, 999.000, -0.21,  0.28,0
-1285.258,  805.399, 999.000, 999.000, -0.95,  0.28,0
 4251.076, 3912.554, 999.000, 999.000, -1.28,  0.25,0
 -724.086, 1466.740, 999.000, 999.000, -1.07,  0.27,0
  -64.585, 4534.884, 999.000, 999.000, -0.73,  0.27,0
 2760.312, 4766.439, 999.000, 999.000, -1.13,  0.25,0
 4895.722,-1900.656, 999.000, 999.000, -0.31,  0.26,0
 -954.765,-3299.962, 999.000, 999.000, -0.76,  0.22,0
  -35.462, 4143.898, 999.000, 999.000, -0.79,  0.27,0
-4759.456, 4988.743, 999.000, 999.000, -0.81,  0.21,0
-2337.299,-2548.642, 999.000, 999.000, -0.77,  0.27,0
 3783.975,-2098.080, 999.000, 999.000, -0.82,  0.24,0
-3410.794,-2986.154,  -4.584,   4.230, -0.94,  0.21,0
 2324.763, 4504.727, 999.000, 999.000, -0.46,  0.21,0
-4174.096, 4523.561, 999.000, 999.000, -0.85,  0.20,0
 1154.450, 1363.231, 999.000, 999.000, -1.00,  0.28,0
-4466.151,-4505.126, 999.000, 999.000, -0.83,  0.29,0
-2398.311, 4854.620, -51.184,   4.430, -0.54,  0.20,0
-2736.223, 4067.846, 999.000, 999.000, -1.12,  0.20,0
  520.984,-4641.475, 999.000, 999.000, -1.10,  0.25,0
  161.883,-3707.426, -33.233,   4.520, -0.71,  0.26,0
-3315.528, 2292.252, 999.000, 999.000, -0.39,  0.25,0
 4228.705,-1343.173, 999.000, 999.000, -0.58,  0.27,0
-3211.832,-1108.508, 999.000, 999.000, -0.39,  0.22,0
 4873.229, -825.759, 999.000, 999.000, -0.64,  0.27,0
 3110.669,  478.265, -59.693,   4.270, -1.11,  0.29,0
  -39.822, 1482.434, 999.000, 999.000, -0.49,  0.27,0
 4860.478, 4749.607, 999.000, 999.000, -0.29,  0.26,0
 1673.066, 1213.788, 999.000, 999.000, -0.65,  0.25,0
-2994.763,-4683.189, 999.000, 999.000, -1.20,  0.24,0
 4184.397,-2239.413, 999.000, 999.000, -0.72,  0.25,0
 1830.522,-2421.180, 999.000, 999.000, -0.59,  0.26,0
 1912.358, 1788.243, 999.000, 999.000, -0.45,  0.26,0
-4889.346, 2206.473,  -3.362,   4.160, -0.72,  0.24,0
 2551.019,-1875.510, 999.000, 999.000, -1.02,  0.28,0
 3847.108,  112.479, 999.000, 999.000, -0.76,  0.22,0
 -458.069,-1914.562, 999.000, 999.000, -1.44,  0.28,0
 -256.597, 2454.803, 999.000, 999.000, -0.68,  0.24,0
 3048.066,-4500.359, 999.000, 999.000, -0.75,  0.25,0
 4305.657, 3235.994, 999.000, 999.000, -0.67,  0.30,0
-2473.891,-3363.012, 999.000, 999.000, -0.83,  0.25,0
 3911.804,-3614.455, -24.511,   4.090, -1.07,  0.26,0
 -370.524, 4923.646, 999.000, 999.000, -0.86,  0.22,0
 1198.406,  530.175, 999.000, 999.000, -1.00,  0.21,0
 1410.868,   40.514, 999.000, 999.000, -0.89,  0.28,0
 2421.802, 3691.297, 999.000, 999.000, -0.43,  0.24,0
-3479.470,  963.122, 999.000, 999.000, -0.65,  0.23,0
-3910.490,-4117.256, 999.000, 999.000, -0.65,  0.22,0
 3824.697,-4215.128, 999.000, 999.000, -1.08,  0.23,0
 -813.252, 4298.523, 999.000, 999.000, -1.05,  0.21,0
 2722.896,-2617.802, 999.000, 999.000, -1.08,  0.25,0
  628.639, 3089.849, -16.130,   3.000, -0.11,  0.27,0
 -138.123, 2736.680, 999.000, 999.000, -0.77,  0.25,0
-4044.435, 1425.906, 999.000, 999.000, -0.95,  0.25,0
-4131.466,  706.062, -26.480,   4.470, -0.93,  0.24,0
-3138.771, 4474.533, 999.000, 999.000, -0.76,  0.22,0
 2629.043,  497.565, 999.000, 999.000, -0.37,  0.27,0
-3723.727,  970.124, 999.000, 999.000, -0.52,  0.24,0
 1680.055,-2698.716, 999.000, 999.000, -0.62,  0.29,0
-2038.972,  604.558, 999.000, 999.000, -0.81,  0.25,0
-2644.710, 3553.047, 999.000, 999.000, -0.35,  0.20,0
  459.670, 2386.653, -43.112,   7.570, -1.08,  0.29,0
 3642.458, -962.220, 999.000, 999.000, -0.85,  0.20,0
-3131.100,-4416.084, 999.000, 999.000, -0.52,  0.21,0
   23.751,-2262.117, 999.000, 999.000, -0.68,  0.24,0
  378.042, 3197.823, 999.000, 999.000, -1.40,  0.27,0
 -150.916,-1141.537, 999.000, 999.000, -0.63,  0.29,0
 3388.040,-1093.000, 999.000, 999.000, -0.93,  0.28,0
 3370.545, 3904.552, -10.915,   3.090, -0.08,  0.29,0
-1353.562, 4333.155, -20.320,   5.040, -0.76,  0.22,0
 4482.324, 1992.350, 999.000, 999.000, -0.62,  0.23,0
-3552.802, 2056.439, 999.000, 999.000, -0.81,  0.24,0
 1635.812,-4192.271, 999.000, 999.000, -0.68,  0.25,0
-2569.796,-2819.812, -13.525,   5.990, -1.05,  0.27,0
 2234.646,  234.777, 999.000, 999.000, -0.71,  0.27,0
-4878.948,-1706.405, 999.000, 999.000, -1.05,  0.22,0
 -873.215, 3339.586, 999.000, 999.000, -0.26,  0.26,0
 -738.026,-1579.035, 999.000, 999.000, -0.78,  0.22,0
-3299.368,-2447.945, 999.000, 999.000, -0.86,  0.28,0
-4880.592,-2486.778, 999.000, 999.000, -0.69,  0.27,0
 4739.780,-3450.359,  19.771,   4.300, -1.26,  0.22,0
 4406.036,-4190.050, 999.000, 999.000, -0.10,  0.25,0
 1788.660, 1390.118, 999.000, 999.000, -1.19,  0.28,0
 4661.344, 1863.221, 999.000, 999.000, -0.87,  0.28,0
-1566.797,-2315.293, -23.924,   2.970, -0.68,  0.28,0
  490.201, 1442.831, 999.000, 999.000, -0.75,  0.30,0
-4674.187, 1666.942, 999.000, 999.000, -1.31,  0.28,0
-1389.981,-4840.235, 999.000, 999.000, -0.52,  0.20,0
 1279.923,-2815.633, 999.000, 999.000, -0.56,  0.22,0
-2450.281, 2682.409, 999.000, 999.000, -1.30,  0.24,0
 1469.684,-4253.583, 999.000, 999.000, -0.60,  0.25,0
  700.645, 1707.287, 999.000, 999.000, -0.62,  0.26,0
  799.375, 4923.595,   9.841,   5.190, -0.85,  0.22,0
-2203.273, 2323.161, 999.000, 999.000, -0.44,  0.27,0
 4660.350, 4081.885, -26.575,   4.080, -0.57,  0.30,0
 3898.001, -926.534, 999.000, 999.000, -0.76,  0.28,0
 -301.989,-1928.852, 999.000, 999.000, -0.70,  0.20,0
-3187.453, 3284.958, -13.461,   4.670, -0.76,  0.23,0
-1957.596,  615.720, 999.000, 999.000, -1.01,  0.25,0
 2444.772, 1946.448, 999.000, 999.000, -0.89,  0.21,0
 1752.560,-4223.122,  -1.032,   5.300, -0.87,  0.27,0
-3815.916,-2627.272, 999.000, 999.000, -0.99,  0.29,0
 1492.097, 1976.177, 999.000, 999.000, -0.72,  0.26,0
 -847.480,-4957.580, 999.000, 999.000, -1.05,  0.27,0
  350.097,-1129.012, 999.000, 999.000, -0.57,  0.21,0
-1280.627, 3818.774, 999.000, 999.000, -0.42,  0.26,0
 3399.910, 2413.668, 999.000, 999.000, -0.87,  0.24,0
 4554.600, 1479.914, 999.000, 999.000, -0.75,  0.21,0
  136.921,-4502.082, -34.702,   4.130, -1.24,  0.25,0
 4428.945,-1682.282, 999.000, 999.000, -0.59,  0.22,0
-2128.185, 4419.231, 999.000, 999.000, -0.62,  0.27,0
-4733.162, -987.005, 999.000, 999.000, -1.05,  0.20,0
 2589.887,-2612.458, 999.000, 999.000, -0.81,  0.29,0
 3691.792,    8.707, 999.000, 999.000, -1.05,  0.20,0
 1726.546, 4343.918, 999.000, 999.000, -0.69,  0.24,0
 1229.075, 2244.377, 999.000, 999.000, -0.79,  0.25,0
 4403.848, 2696.432, 999.000, 999.000, -1.32,  0.28,0
 2639.534, 1400.517, 999.000, 999.000, -0.21,  0.21,0
-3307.284, 4238.854, 999.000, 999.000, -0.96,  0.28,0
 3399.935, -236.855, 999.000, 999.000, -0.47,  0.21,0
-2305.987,-4726.428,  -3.397,   4.170, -1.11,  0.29,0
-4930.492, 4767.678, 999.000, 999.000, -0.63,  0.21,0
  478.158, 3489.928,  -6.482,   4.200, -1.04,  0.24,0
 2031.243,-2921.420, 999.000, 999.000, -0.96,  0.29,0
 4172.311, 4275.789, 999.000, 999.000, -1.18,  0.25,0
-4097.767,-1975.491, 999.000, 999.000, -1.07,  0.21,0
 4495.657, 2296.280, 999.000, 999.000, -1.49,  0.23,0
 -413.982,-1688.909,   5.163,   4.790, -1.04,  0.21,0
 3220.068,-1529.091, 999.000, 999.000, -1.25,  0.27,0
 1849.524,-3413.071, 999.000, 999.000, -0.75,  0.28,0
-2751.538,-2299.455, 999.000, 999.000, -1.14,  0.29,0
 -396.249,-1197.940, 999.000, 999.000, -0.65,  0.28,0
-1688.141, -752.649, 999.000, 999.000, -0.72,  0.25,0
-3636.606, 2439.487, -12.255,   3.610, -0.72,  0.26,0
 1542.838,-2452.903, 999.000, 999.000, -0.59,  0.26,0
-3638.603, -172.225, 999.000, 999.000, -0.94,  0.30,0
 2585.950, -464.226,   5.738,   6.160, -0.84,  0.30,0
-1958.063, 3704.179, 999.000, 999.000, -1.31,  0.28,0
-2950.118, -358.846, -40.221,   4.230, -0.42,  0.30,0
  858.113, -557.162, 999.000, 999.000, -1.14,  0.22,0
-3509.953,  386.433, 999.000, 999.000, -0.59,  0.28,0
-2492.637,-1527.492, 999.000, 999.000, -0.83,  0.29,0
-1575.143,  323.360, 999.000, 999.000, -0.77,  0.23,0
-1494.911,-3911.284, 999.000, 999.000, -0.42,  0.29,0
 3075.699, 4691.772,  -9.987,   3.050, -1.02,  0.21,0
 3207.976, 2721.758, 999.000, 999.000, -0.34,  0.21,0
-3755.199,  729.457, 999.000, 999.000, -0.65,  0.20,0
-2413.165,  -45.338, 999.000, 999.000, -0.27,  0.25,0
 4145.064,-3702.062, 999.000, 999.000, -0.58,  0.24,0
 2166.500,-4638.334,  12.893,   3.920, -0.98,  0.26,0
 2981.366, 2328.858, 999.000, 999.000, -0.48,  0.26,0
 3988.237, 2549.040, 999.000, 999.000, -0.96,  0.29,0
-2074.020,-3812.679, 999.000, 999.000, -0.64,  0.28,0
 4901.544,-2364.728, 999.000, 999.000, -1.03,  0.29,0
-2726.476,  -28.511, 999.000, 999.000, -0.63,  0.22,0
-4208.695, 1392.641, 999.000, 999.000, -0.87,  0.27,0
  845.345, 2753.291, 999.000, 999.000, -0.60,  0.21,0
 -428.091,-2234.448,  18.108,   5.350, -1.14,  0.28,0
-1119.756, 1591.490, 999.000, 999.000, -0.69,  0.25,0
 -411.846, 3227.351, 999.000, 999.000, -0.22,  0.29,0
-4000.815,-2899.793, 999.000, 999.000, -1.10,  0.27,0
  932.491, -304.292, 999.000, 999.000, -0.96,  0.23,0
  250.046, 4795.286, 999.000, 999.000, -1.04,  0.24,0
-3027.993, 3101.233, 999.000, 999.000, -0.39,  0.29,0
 -658.003, 2311.326, 999.000, 999.000, -1.15,  0.28,0
 3446.314,  215.663, 999.000, 999.000, -0.32,  0.24,0
 -939.646,-2892.907, 999.000, 999.000, -0.69,  0.21,0
-2739.925, 4774.197,   0.274,   4.310, -0.60,  0.20,0
-1446.504,-4211.515, 999.000, 999.000, -0.94,  0.29,0
 3156.531, 4290.829, 999.000, 999.000, -1.12,  0.22,0
 1006.789,  759.248, 999.000, 999.000, -0.97,  0.20,0
-1344.544,-2740.684, -28.027,   4.450, -0.60,  0.20,0
-2314.035, -994.102, 999.000, 999.000, -1.21,  0.27,0
  603.338,-1817.545, 999.000, 999.000, -0.69,  0.30,0
 2791.942, 3399.154, 999.000, 999.000, -1.17,  0.22,0
 2218.630, 3959.890, 999.000, 999.000, -1.04,  0.21,0
 2045.699, -741.828, 999.000, 999.000, -0.78,  0.24,0
-3315.217, 1703.431, -31.548,   4.540, -0.44,  0.24,0
 -166.526, -225.039, 999.000, 999.000, -0.56,  0.26,0
 2104.039, -331.562, 999.000, 999.000, -1.11,  0.30,0
 2352.669,  835.832, 999.000, 999.000, -0.70,  0.26,0
-2981.665, 2978.538, 999.000, 999.000, -0.12,  0.30,0
 4421.654, -810.324, 999.000, 999.000, -1.15,  0.27,0
 1060.749,-4278.776, 999.000, 999.000, -0.95,  0.27,0
-4034.022,  499.762, 999.000, 999.000, -0.63,  0.27,0
-4952.324, 2011.330, 999.000, 999.000, -0.52,  0.28,0
 3387.971, 1916.934, 999.000, 999.000, -1.37,  0.27,0
